Time(s)	Acc.(g)			
0	0.00E+00			
0.01	3.00E-38			
0.02	4.18E-37			
0.03	5.82E-36			
0.04	8.10E-35			
0.05	1.13E-33			
0.06	1.57E-32			
0.07	2.19E-31			
0.08	3.05E-30			
0.09	4.25E-29			
0.1	1.18E-27			
0.11	8.24E-27			
0.12	1.15E-25			
0.13	1.60E-24			
0.14	2.23E-23			
0.15	3.10E-22			
0.16	4.32E-21			
0.17	6.02E-20			
0.18	8.38E-19			
0.19	1.17E-17			
0.2	1.63E-16			
0.21	4.53E-15			
0.22	6.31E-14			
0.23	4.39E-13			
0.24	6.12E-12			
0.25	1.70E-10			
0.26	2.37E-09			
0.27	-1.88E-09			
0.28	-6.11E-05			
0.29	1.70E-09			
0.3	0.00E+00			
0.31	0.00E+00			
0.32	-6.11E-05			
0.33	0.00E+00			
0.34	6.11E-05			
0.35	0.00E+00			
0.36	-6.11E-05			
0.37	0.00E+00			
0.38	6.11E-05			
0.39	-1.25E-09			
0.4	-6.11E-05			
0.41	1.25E-09			
0.42	6.11E-05			
0.43	-1.25E-09			
0.44	-6.11E-05			
0.45	1.25E-09			
0.46	6.11E-05			
0.47	-1.25E-09			
0.48	-6.11E-05			
0.49	1.25E-09			
0.5	6.11E-05			
0.51	-1.25E-09			
0.52	-6.11E-05			
0.53	1.25E-09			
0.54	6.11E-05			
0.55	0.00E+00			
0.56	-6.11E-05			
0.57	0.00E+00			
0.58	6.11E-05			
0.59	0.00E+00			
0.6	-6.11E-05			
0.61	0.00E+00			
0.62	6.11E-05			
0.63	-1.25E-09			
0.64	-6.11E-05			
0.65	1.25E-09			
0.66	6.11E-05			
0.67	-1.24E-09			
0.68	-6.11E-05			
0.69	3.58E-09			
0.7	6.11E-05			
0.71	-3.58E-09			
0.72	-6.11E-05			
0.73	1.27E-09			
0.74	6.11E-05			
0.75	-6.11E-05			
0.76	-6.11E-05			
0.77	1.22E-04			
0.78	6.11E-05			
0.79	-2.44E-04			
0.8	-6.11E-05			
0.81	3.05E-04			
0.82	-1.28E-03			
0.83	-6.11E-03			
0.84	-1.11E-02			
0.85	-1.23E-02			
0.86	-1.01E-02			
0.87	-8.55E-03			
0.88	-9.04E-03			
0.89	-9.71E-03			
0.9	-9.53E-03			
0.91	-1.01E-02			
0.92	-1.23E-02			
0.93	-1.42E-02			
0.94	-1.44E-02			
0.95	-1.36E-02			
0.96	-1.31E-02			
0.97	-1.25E-02			
0.98	-1.11E-02			
0.99	-9.59E-03			
1	-8.73E-03			
1.01	-8.37E-03			
1.02	-8.55E-03			
1.03	-1.03E-02			
1.04	-1.34E-02			
1.05	-1.62E-02			
1.06	-1.78E-02			
1.07	-1.91E-02			
1.08	-1.99E-02			
1.09	-1.89E-02			
1.1	-1.64E-02			
1.11	-1.48E-02			
1.12	-1.48E-02			
1.13	-1.37E-02			
1.14	-1.09E-02			
1.15	-8.79E-03			
1.16	-8.49E-03			
1.17	-7.14E-03			
1.18	-4.09E-03			
1.19	-3.24E-03			
1.2	-6.84E-03			
1.21	-1.13E-02			
1.22	-1.32E-02			
1.23	-1.50E-02			
1.24	-1.95E-02			
1.25	-2.29E-02			
1.26	-1.98E-02			
1.27	-1.24E-02			
1.28	-6.84E-03			
1.29	-3.30E-03			
1.3	3.18E-03			
1.31	1.18E-02			
1.32	1.42E-02			
1.33	6.53E-03			
1.34	-4.76E-03			
1.35	-1.17E-02			
1.36	-1.32E-02			
1.37	-1.31E-02			
1.38	-1.45E-02			
1.39	-1.73E-02			
1.4	-2.09E-02			
1.41	-2.39E-02			
1.42	-2.63E-02			
1.43	-2.93E-02			
1.44	-3.33E-02			
1.45	-3.52E-02			
1.46	-3.10E-02			
1.47	-2.28E-02			
1.48	-1.77E-02			
1.49	-1.82E-02			
1.5	-1.98E-02			
1.51	-1.88E-02			
1.52	-1.68E-02			
1.53	-1.66E-02			
1.54	-1.65E-02			
1.55	-1.31E-02			
1.56	-7.02E-03			
1.57	-1.59E-03			
1.58	2.75E-03			
1.59	8.12E-03			
1.6	1.50E-02			
1.61	2.11E-02			
1.62	2.43E-02			
1.63	2.48E-02			
1.64	2.54E-02			
1.65	2.85E-02			
1.66	3.45E-02			
1.67	4.13E-02			
1.68	4.69E-02			
1.69	5.02E-02			
1.7	5.04E-02			
1.71	4.73E-02			
1.72	4.24E-02			
1.73	3.88E-02			
1.74	3.69E-02			
1.75	3.35E-02			
1.76	2.74E-02			
1.77	2.28E-02			
1.78	2.42E-02			
1.79	2.97E-02			
1.8	3.43E-02			
1.81	3.74E-02			
1.82	4.23E-02			
1.83	4.87E-02			
1.84	5.37E-02			
1.85	5.84E-02			
1.86	6.55E-02			
1.87	7.27E-02			
1.88	7.43E-02			
1.89	7.02E-02			
1.9	6.67E-02			
1.91	6.56E-02			
1.92	6.08E-02			
1.93	5.00E-02			
1.94	4.11E-02			
1.95	4.01E-02			
1.96	4.05E-02			
1.97	3.04E-02			
1.98	6.72E-03			
1.99	-2.38E-02			
2	-5.28E-02			
2.01	-7.33E-02			
2.02	-7.99E-02			
2.03	-7.31E-02			
2.04	-6.18E-02			
2.05	-5.43E-02			
2.06	-4.90E-02			
2.07	-3.95E-02			
2.08	-2.58E-02			
2.09	-1.39E-02			
2.1	-5.68E-03			
2.11	2.75E-03			
2.12	1.33E-02			
2.13	2.34E-02			
2.14	3.17E-02			
2.15	4.04E-02			
2.16	5.06E-02			
2.17	6.11E-02			
2.18	7.27E-02			
2.19	8.67E-02			
2.2	1.01E-01			
2.21	1.13E-01			
2.22	1.25E-01			
2.23	1.40E-01			
2.24	1.56E-01			
2.25	1.59E-01			
2.26	1.48E-01			
2.27	1.31E-01			
2.28	1.17E-01			
2.29	1.07E-01			
2.3	9.56E-02			
2.31	8.88E-02			
2.32	9.06E-02			
2.33	9.56E-02			
2.34	9.47E-02			
2.35	8.84E-02			
2.36	8.52E-02			
2.37	8.84E-02			
2.38	9.21E-02			
2.39	9.42E-02			
2.4	1.01E-01			
2.41	1.15E-01			
2.42	1.24E-01			
2.43	1.00E-01			
2.44	3.32E-02			
2.45	-6.24E-02			
2.46	-1.50E-01			
2.47	-2.00E-01			
2.48	-2.11E-01			
2.49	-2.05E-01			
2.5	-2.03E-01			
2.51	-2.07E-01			
2.52	-2.08E-01			
2.53	-1.98E-01			
2.54	-1.85E-01			
2.55	-1.77E-01			
2.56	-1.76E-01			
2.57	-1.78E-01			
2.58	-1.78E-01			
2.59	-1.78E-01			
2.6	-1.79E-01			
2.61	-1.82E-01			
2.62	-1.84E-01			
2.63	-1.79E-01			
2.64	-1.66E-01			
2.65	-1.51E-01			
2.66	-1.37E-01			
2.67	-1.25E-01			
2.68	-1.11E-01			
2.69	-9.48E-02			
2.7	-7.96E-02			
2.71	-6.39E-02			
2.72	-4.39E-02			
2.73	-2.14E-02			
2.74	-1.53E-03			
2.75	1.60E-02			
2.76	3.65E-02			
2.77	5.98E-02			
2.78	8.02E-02			
2.79	9.78E-02			
2.8	1.19E-01			
2.81	1.43E-01			
2.82	1.63E-01			
2.83	1.79E-01			
2.84	2.00E-01			
2.85	2.25E-01			
2.86	2.46E-01			
2.87	2.61E-01			
2.88	2.78E-01			
2.89	2.99E-01			
2.9	3.10E-01			
2.91	3.13E-01			
2.92	3.26E-01			
2.93	3.49E-01			
2.94	3.49E-01			
2.95	3.16E-01			
2.96	2.88E-01			
2.97	2.82E-01			
2.98	2.37E-01			
2.99	8.60E-02			
3	-1.22E-01			
3.01	-2.51E-01			
3.02	-2.42E-01			
3.03	-1.80E-01			
3.04	-1.67E-01			
3.05	-1.93E-01			
3.06	-1.90E-01			
3.07	-1.48E-01			
3.08	-1.12E-01			
3.09	-9.72E-02			
3.1	-7.68E-02			
3.11	-4.27E-02			
3.12	-1.76E-02			
3.13	-5.92E-03			
3.14	1.15E-02			
3.15	3.68E-02			
3.16	5.43E-02			
3.17	6.78E-02			
3.18	9.12E-02			
3.19	1.14E-01			
3.2	1.21E-01			
3.21	1.37E-01			
3.22	1.79E-01			
3.23	1.81E-01			
3.24	5.87E-02			
3.25	-1.44E-01			
3.26	-2.68E-01			
3.27	-2.40E-01			
3.28	-1.58E-01			
3.29	-1.44E-01			
3.3	-1.76E-01			
3.31	-1.64E-01			
3.32	-1.03E-01			
3.33	-6.52E-02			
3.34	-5.90E-02			
3.35	-2.87E-02			
3.36	2.42E-02			
3.37	2.11E-02			
3.38	-6.83E-02			
3.39	-1.69E-01			
3.4	-2.02E-01			
3.41	-1.82E-01			
3.42	-1.67E-01			
3.43	-1.71E-01			
3.44	-1.72E-01			
3.45	-1.61E-01			
3.46	-1.51E-01			
3.47	-1.41E-01			
3.48	-1.25E-01			
3.49	-1.11E-01			
3.5	-1.02E-01			
3.51	-9.28E-02			
3.52	-7.65E-02			
3.53	-6.15E-02			
3.54	-5.34E-02			
3.55	-4.37E-02			
3.56	-2.75E-02			
3.57	-1.33E-02			
3.58	-4.52E-03			
3.59	7.02E-03			
3.6	1.92E-02			
3.61	1.47E-02			
3.62	-9.71E-03			
3.63	-3.30E-02			
3.64	-4.40E-02			
3.65	-5.86E-02			
3.66	-8.55E-02			
3.67	-1.04E-01			
3.68	-9.69E-02			
3.69	-7.91E-02			
3.7	-7.31E-02			
3.71	-7.26E-02			
3.72	-6.10E-02			
3.73	-4.34E-02			
3.74	-3.41E-02			
3.75	-2.77E-02			
3.76	-1.09E-02			
3.77	9.40E-03			
3.78	1.87E-02			
3.79	2.41E-02			
3.8	4.29E-02			
3.81	6.74E-02			
3.82	6.85E-02			
3.83	3.55E-02			
3.84	-9.77E-03			
3.85	-3.79E-02			
3.86	-3.80E-02			
3.87	-2.04E-02			
3.88	-3.97E-03			
3.89	3.66E-04			
3.9	9.77E-04			
3.91	1.31E-02			
3.92	3.52E-02			
3.93	5.08E-02			
3.94	5.75E-02			
3.95	6.97E-02			
3.96	9.01E-02			
3.97	1.05E-01			
3.98	1.15E-01			
3.99	1.32E-01			
4	1.39E-01			
4.01	9.81E-02			
4.02	2.22E-02			
4.03	-1.38E-02			
4.04	2.47E-02			
4.05	7.43E-02			
4.06	6.95E-02			
4.07	4.52E-02			
4.08	7.03E-02			
4.09	1.24E-01			
4.1	1.34E-01			
4.11	1.12E-01			
4.12	1.38E-01			
4.13	2.09E-01			
4.14	2.08E-01			
4.15	7.34E-02			
4.16	-9.48E-02			
4.17	-1.66E-01			
4.18	-1.33E-01			
4.19	-8.60E-02			
4.2	-7.04E-02			
4.21	-6.72E-02			
4.22	-5.58E-02			
4.23	-3.33E-02			
4.24	7.45E-03			
4.25	5.84E-02			
4.26	6.86E-02			
4.27	-1.10E-03			
4.28	-1.09E-01			
4.29	-1.68E-01			
4.3	-1.52E-01			
4.31	-1.16E-01			
4.32	-1.09E-01			
4.33	-1.21E-01			
4.34	-1.19E-01			
4.35	-9.86E-02			
4.36	-7.76E-02			
4.37	-6.52E-02			
4.38	-5.72E-02			
4.39	-4.38E-02			
4.4	-2.17E-02			
4.41	-4.27E-03			
4.42	-1.29E-02			
4.43	-4.57E-02			
4.44	-6.85E-02			
4.45	-5.77E-02			
4.46	-3.32E-02			
4.47	-2.67E-02			
4.48	-3.42E-02			
4.49	-2.95E-02			
4.5	-1.12E-02			
4.51	2.07E-07			
4.52	1.89E-03			
4.53	1.13E-02			
4.54	3.03E-02			
4.55	4.40E-02			
4.56	4.99E-02			
4.57	5.75E-02			
4.58	6.18E-02			
4.59	4.84E-02			
4.6	2.28E-02			
4.61	5.01E-03			
4.62	-3.42E-03			
4.63	-1.51E-02			
4.64	-2.48E-02			
4.65	-1.51E-02			
4.66	7.63E-03			
4.67	2.02E-02			
4.68	2.17E-02			
4.69	3.33E-02			
4.7	5.77E-02			
4.71	7.57E-02			
4.72	8.44E-02			
4.73	1.00E-01			
4.74	1.23E-01			
4.75	1.38E-01			
4.76	1.51E-01			
4.77	1.72E-01			
4.78	1.77E-01			
4.79	1.28E-01			
4.8	4.31E-02			
4.81	-7.39E-03			
4.82	2.75E-03			
4.83	2.70E-02			
4.84	2.66E-02			
4.85	2.09E-02			
4.86	2.96E-02			
4.87	2.67E-02			
4.88	-5.38E-03			
4.89	-3.05E-02			
4.9	-1.51E-02			
4.91	1.28E-02			
4.92	1.48E-02			
4.93	6.17E-03			
4.94	2.08E-02			
4.95	4.60E-02			
4.96	5.11E-02			
4.97	4.79E-02			
4.98	6.55E-02			
4.99	9.19E-02			
5	9.78E-02			
5.01	9.55E-02			
5.02	1.15E-01			
5.03	1.43E-01			
5.04	1.48E-01			
5.05	1.44E-01			
5.06	1.66E-01			
5.07	1.97E-01			
5.08	1.99E-01			
5.09	1.82E-01			
5.1	1.89E-01			
5.11	2.11E-01			
5.12	2.03E-01			
5.13	1.76E-01			
5.14	1.80E-01			
5.15	1.92E-01			
5.16	1.28E-01			
5.17	-1.61E-02			
5.18	-1.23E-01			
5.19	-1.16E-01			
5.2	-5.50E-02			
5.21	-3.03E-02			
5.22	-3.93E-02			
5.23	-3.61E-02			
5.24	-3.14E-02			
5.25	-6.28E-02			
5.26	-1.14E-01			
5.27	-1.46E-01			
5.28	-1.69E-01			
5.29	-2.12E-01			
5.3	-2.51E-01			
5.31	-2.45E-01			
5.32	-2.06E-01			
5.33	-1.86E-01			
5.34	-1.87E-01			
5.35	-1.71E-01			
5.36	-1.34E-01			
5.37	-1.09E-01			
5.38	-9.81E-02			
5.39	-7.32E-02			
5.4	-3.29E-02			
5.41	-3.30E-03			
5.42	1.55E-02			
5.43	4.59E-02			
5.44	8.34E-02			
5.45	1.09E-01			
5.46	1.34E-01			
5.47	1.75E-01			
5.48	1.86E-01			
5.49	1.11E-01			
5.5	-6.11E-03			
5.51	-5.83E-02			
5.52	-1.70E-02			
5.53	3.21E-02			
5.54	2.88E-02			
5.55	1.65E-02			
5.56	4.57E-02			
5.57	8.73E-02			
5.58	1.00E-01			
5.59	1.08E-01			
5.6	1.45E-01			
5.61	1.83E-01			
5.62	1.89E-01			
5.63	2.01E-01			
5.64	2.51E-01			
5.65	2.71E-01			
5.66	1.72E-01			
5.67	-1.16E-02			
5.68	-1.41E-01			
5.69	-1.48E-01			
5.7	-1.02E-01			
5.71	-9.00E-02			
5.72	-1.11E-01			
5.73	-1.17E-01			
5.74	-9.26E-02			
5.75	-6.14E-02			
5.76	-4.76E-02			
5.77	-6.89E-02			
5.78	-1.28E-01			
5.79	-1.92E-01			
5.8	-2.15E-01			
5.81	-1.92E-01			
5.82	-1.65E-01			
5.83	-1.65E-01			
5.84	-1.72E-01			
5.85	-1.59E-01			
5.86	-1.33E-01			
5.87	-1.19E-01			
5.88	-1.13E-01			
5.89	-9.97E-02			
5.9	-7.90E-02			
5.91	-6.25E-02			
5.92	-5.18E-02			
5.93	-4.60E-02			
5.94	-5.56E-02			
5.95	-8.72E-02			
5.96	-1.22E-01			
5.97	-1.34E-01			
5.98	-1.23E-01			
5.99	-1.13E-01			
6	-1.18E-01			
6.01	-1.25E-01			
6.02	-1.17E-01			
6.03	-9.31E-02			
6.04	-7.30E-02			
6.05	-6.59E-02			
6.06	-5.58E-02			
6.07	-2.50E-02			
6.08	6.60E-03			
6.09	-8.61E-03			
6.1	-8.21E-02			
6.11	-1.56E-01			
6.12	-1.66E-01			
6.13	-1.22E-01			
6.14	-8.77E-02			
6.15	-9.14E-02			
6.16	-9.79E-02			
6.17	-7.49E-02			
6.18	-4.05E-02			
6.19	-2.29E-02			
6.2	-1.48E-02			
6.21	4.89E-03			
6.22	3.24E-02			
6.23	5.21E-02			
6.24	6.62E-02			
6.25	8.23E-02			
6.26	8.92E-02			
6.27	7.41E-02			
6.28	4.82E-02			
6.29	3.08E-02			
6.3	2.01E-02			
6.31	5.98E-03			
6.32	-2.63E-03			
6.33	8.30E-03			
6.34	2.97E-02			
6.35	4.15E-02			
6.36	4.54E-02			
6.37	5.83E-02			
6.38	7.99E-02			
6.39	9.61E-02			
6.4	1.05E-01			
6.41	1.19E-01			
6.42	1.38E-01			
6.43	1.52E-01			
6.44	1.64E-01			
6.45	1.81E-01			
6.46	1.90E-01			
6.47	1.72E-01			
6.48	1.31E-01			
6.49	9.20E-02			
6.5	6.52E-02			
6.51	4.10E-02			
6.52	2.09E-02			
6.53	1.86E-02			
6.54	3.19E-02			
6.55	4.02E-02			
6.56	3.81E-02			
6.57	4.07E-02			
6.58	5.04E-02			
6.59	4.74E-02			
6.6	2.40E-02			
6.61	5.95E-05			
6.62	-8.61E-03			
6.63	-1.11E-02			
6.64	-1.70E-02			
6.65	-1.85E-02			
6.66	-1.16E-02			
6.67	-1.07E-02			
6.68	-2.33E-02			
6.69	-3.26E-02			
6.7	-2.53E-02			
6.71	-1.48E-02			
6.72	-1.59E-02			
6.73	-1.83E-02			
6.74	-7.08E-03			
6.75	8.85E-03			
6.76	1.50E-02			
6.77	2.00E-02			
6.78	3.85E-02			
6.79	5.92E-02			
6.8	5.91E-02			
6.81	4.10E-02			
6.82	2.59E-02			
6.83	1.60E-02			
6.84	-4.09E-03			
6.85	-3.18E-02			
6.86	-4.37E-02			
6.87	-3.17E-02			
6.88	-1.34E-02			
6.89	-1.77E-03			
6.9	9.59E-03			
6.91	2.28E-02			
6.92	2.35E-02			
6.93	5.68E-03			
6.94	-1.32E-02			
6.95	-1.53E-02			
6.96	-5.01E-03			
6.97	3.48E-03			
6.98	8.06E-03			
6.99	1.40E-02			
7	2.14E-02			
7.01	2.87E-02			
7.02	3.87E-02			
7.03	5.02E-02			
7.04	5.20E-02			
7.05	3.73E-02			
7.06	1.59E-02			
7.07	2.20E-03			
7.08	-3.18E-03			
7.09	-7.76E-03			
7.1	-1.14E-02			
7.11	-8.06E-03			
7.12	5.50E-04			
7.13	6.66E-03			
7.14	7.69E-03			
7.15	6.59E-03			
7.16	3.60E-03			
7.17	-3.18E-03			
7.18	-9.71E-03			
7.19	-9.40E-03			
7.2	-3.60E-03			
7.21	-3.05E-04			
7.22	-1.59E-03			
7.23	-1.34E-03			
7.24	3.85E-03			
7.25	9.16E-03			
7.26	8.61E-03			
7.27	2.75E-03			
7.28	-5.68E-03			
7.29	-1.70E-02			
7.3	-3.10E-02			
7.31	-4.20E-02			
7.32	-4.29E-02			
7.33	-3.44E-02			
7.34	-2.49E-02			
7.35	-2.20E-02			
7.36	-2.41E-02			
7.37	-2.36E-02			
7.38	-1.80E-02			
7.39	-1.31E-02			
7.4	-1.32E-02			
7.41	-1.24E-02			
7.42	-1.77E-03			
7.43	1.47E-02			
7.44	2.06E-02			
7.45	7.88E-03			
7.46	-1.09E-02			
7.47	-1.72E-02			
7.48	-9.34E-03			
7.49	-1.59E-03			
7.5	-3.36E-03			
7.51	-9.16E-03			
7.52	-1.09E-02			
7.53	-9.95E-03			
7.54	-1.12E-02			
7.55	-1.29E-02			
7.56	-1.01E-02			
7.57	-4.15E-03			
7.58	-6.11E-05			
7.59	2.08E-03			
7.6	7.33E-03			
7.61	1.64E-02			
7.62	2.41E-02			
7.63	2.86E-02			
7.64	3.60E-02			
7.65	5.20E-02			
7.66	7.20E-02			
7.67	8.44E-02			
7.68	7.93E-02			
7.69	5.49E-02			
7.7	1.89E-02			
7.71	-1.31E-02			
7.72	-2.69E-02			
7.73	-2.23E-02			
7.74	-1.25E-02			
7.75	-7.82E-03			
7.76	-4.40E-03			
7.77	5.25E-03			
7.78	1.64E-02			
7.79	1.68E-02			
7.8	4.70E-03			
7.81	-1.01E-02			
7.82	-2.21E-02			
7.83	-3.48E-02			
7.84	-4.78E-02			
7.85	-5.20E-02			
7.86	-4.34E-02			
7.87	-3.06E-02			
7.88	-2.22E-02			
7.89	-1.53E-02			
7.9	-4.15E-03			
7.91	8.12E-03			
7.92	1.60E-02			
7.93	2.24E-02			
7.94	3.28E-02			
7.95	4.30E-02			
7.96	4.25E-02			
7.97	2.98E-02			
7.98	1.27E-02			
7.99	-3.05E-03			
8	-1.65E-02			
8.01	-2.38E-02			
8.02	-2.06E-02			
8.03	-1.16E-02			
8.04	-8.55E-03			
8.05	-1.46E-02			
8.06	-2.08E-02			
8.07	-1.97E-02			
8.08	-1.42E-02			
8.09	-9.46E-03			
8.1	-5.37E-03			
8.11	5.38E-07			
8.12	5.19E-03			
8.13	8.98E-03			
8.14	1.39E-02			
8.15	2.10E-02			
8.16	2.69E-02			
8.17	2.77E-02			
8.18	2.38E-02			
8.19	1.69E-02			
8.2	7.82E-03			
8.21	6.11E-05			
8.22	-6.10E-04			
8.23	7.57E-03			
8.24	2.02E-02			
8.25	3.28E-02			
8.26	4.45E-02			
8.27	5.25E-02			
8.28	5.00E-02			
8.29	3.58E-02			
8.3	1.96E-02			
8.31	1.14E-02			
8.32	9.22E-03			
8.33	5.07E-03			
8.34	-2.08E-03			
8.35	-5.62E-03			
8.36	-2.26E-03			
8.37	3.11E-03			
8.38	5.43E-03			
8.39	5.86E-03			
8.4	9.34E-03			
8.41	1.72E-02			
8.42	2.61E-02			
8.43	3.25E-02			
8.44	3.74E-02			
8.45	4.45E-02			
8.46	5.36E-02			
8.47	5.85E-02			
8.48	5.51E-02			
8.49	4.77E-02			
8.5	4.34E-02			
8.51	4.21E-02			
8.52	4.05E-02			
8.53	4.31E-02			
8.54	5.70E-02			
8.55	7.49E-02			
8.56	7.71E-02			
8.57	5.78E-02			
8.58	3.72E-02			
8.59	3.48E-02			
8.6	4.19E-02			
8.61	3.49E-02			
8.62	9.95E-03			
8.63	-1.33E-02			
8.64	-2.08E-02			
8.65	-2.03E-02			
8.66	-2.54E-02			
8.67	-3.54E-02			
8.68	-4.12E-02			
8.69	-4.13E-02			
8.7	-4.21E-02			
8.71	-4.59E-02			
8.72	-4.79E-02			
8.73	-4.58E-02			
8.74	-4.42E-02			
8.75	-4.67E-02			
8.76	-4.66E-02			
8.77	-3.27E-02			
8.78	-5.92E-03			
8.79	1.65E-02			
8.8	1.83E-02			
8.81	6.09E-04			
8.82	-2.13E-02			
8.83	-3.80E-02			
8.84	-5.00E-02			
8.85	-5.69E-02			
8.86	-5.42E-02			
8.87	-4.37E-02			
8.88	-3.67E-02			
8.89	-3.86E-02			
8.9	-4.15E-02			
8.91	-3.74E-02			
8.92	-3.11E-02			
8.93	-3.03E-02			
8.94	-3.24E-02			
8.95	-3.08E-02			
8.96	-2.67E-02			
8.97	-2.58E-02			
8.98	-2.73E-02			
8.99	-2.72E-02			
9	-2.71E-02			
9.01	-3.08E-02			
9.02	-3.55E-02			
9.03	-3.54E-02			
9.04	-3.11E-02			
9.05	-2.69E-02			
9.06	-2.25E-02			
9.07	-1.54E-02			
9.08	-7.57E-03			
9.09	-5.49E-04			
9.1	8.49E-03			
9.11	2.03E-02			
9.12	2.90E-02			
9.13	3.08E-02			
9.14	3.11E-02			
9.15	3.46E-02			
9.16	3.69E-02			
9.17	3.51E-02			
9.18	3.43E-02			
9.19	3.72E-02			
9.2	3.69E-02			
9.21	3.10E-02			
9.22	2.88E-02			
9.23	3.32E-02			
9.24	3.16E-02			
9.25	1.88E-02			
9.26	1.09E-02			
9.27	1.75E-02			
9.28	2.23E-02			
9.29	1.43E-02			
9.3	1.33E-02			
9.31	3.31E-02			
9.32	3.97E-02			
9.33	-7.88E-03			
9.34	-8.84E-02			
9.35	-1.38E-01			
9.36	-1.37E-01			
9.37	-1.27E-01			
9.38	-1.37E-01			
9.39	-1.48E-01			
9.4	-1.37E-01			
9.41	-1.23E-01			
9.42	-1.22E-01			
9.43	-1.21E-01			
9.44	-1.06E-01			
9.45	-8.88E-02			
9.46	-8.52E-02			
9.47	-8.19E-02			
9.48	-6.57E-02			
9.49	-4.93E-02			
9.5	-4.59E-02			
9.51	-4.24E-02			
9.52	-2.56E-02			
9.53	-8.49E-03			
9.54	-6.78E-03			
9.55	-1.11E-02			
9.56	-8.55E-03			
9.57	-8.31E-03			
9.58	-1.92E-02			
9.59	-2.60E-02			
9.6	-1.42E-02			
9.61	2.50E-03			
9.62	7.88E-03			
9.63	9.89E-03			
9.64	1.73E-02			
9.65	1.74E-02			
9.66	4.33E-03			
9.67	2.63E-03			
9.68	2.77E-02			
9.69	5.40E-02			
9.7	5.86E-02			
9.71	6.23E-02			
9.72	8.92E-02			
9.73	1.17E-01			
9.74	1.22E-01			
9.75	1.32E-01			
9.76	1.74E-01			
9.77	1.92E-01			
9.78	1.12E-01			
9.79	-2.87E-02			
9.8	-1.11E-01			
9.81	-8.88E-02			
9.82	-3.82E-02			
9.83	-3.13E-02			
9.84	-4.45E-02			
9.85	-3.46E-02			
9.86	-2.49E-02			
9.87	-5.44E-02			
9.88	-9.70E-02			
9.89	-9.99E-02			
9.9	-6.78E-02			
9.91	-4.93E-02			
9.92	-6.00E-02			
9.93	-7.20E-02			
9.94	-6.92E-02			
9.95	-6.26E-02			
9.96	-5.54E-02			
9.97	-3.54E-02			
9.98	-3.66E-03			
9.99	2.24E-02			
10	3.94E-02			
10.01	6.49E-02			
10.02	1.08E-01			
10.03	1.53E-01			
10.04	1.71E-01			
10.05	1.47E-01			
10.06	9.56E-02			
10.07	5.11E-02			
10.08	4.25E-02			
10.09	6.02E-02			
10.1	6.70E-02			
10.11	4.51E-02			
10.12	1.44E-02			
10.13	-2.14E-03			
10.14	-1.06E-02			
10.15	-2.78E-02			
10.16	-5.20E-02			
10.17	-7.11E-02			
10.18	-8.53E-02			
10.19	-1.01E-01			
10.2	-1.17E-01			
10.21	-1.23E-01			
10.22	-1.18E-01			
10.23	-1.04E-01			
10.24	-8.09E-02			
10.25	-5.59E-02			
10.26	-3.86E-02			
10.27	-2.30E-02			
10.28	3.91E-03			
10.29	3.54E-02			
10.3	5.46E-02			
10.31	7.40E-02			
10.32	1.21E-01			
10.33	1.74E-01			
10.34	1.63E-01			
10.35	6.91E-02			
10.36	-2.65E-02			
10.37	-4.08E-02			
10.38	2.45E-03			
10.39	2.06E-02			
10.4	-4.70E-03			
10.41	-1.95E-02			
10.42	1.04E-03			
10.43	2.05E-02			
10.44	1.59E-02			
10.45	1.87E-02			
10.46	5.37E-02			
10.47	8.98E-02			
10.48	8.24E-02			
10.49	3.30E-02			
10.5	-2.19E-02			
10.51	-5.48E-02			
10.52	-5.92E-02			
10.53	-4.10E-02			
10.54	-1.82E-02			
10.55	-1.06E-02			
10.56	-1.69E-02			
10.57	-1.67E-02			
10.58	-3.78E-03			
10.59	6.66E-03			
10.6	8.49E-03			
10.61	1.67E-02			
10.62	3.79E-02			
10.63	5.57E-02			
10.64	5.87E-02			
10.65	6.14E-02			
10.66	7.58E-02			
10.67	8.82E-02			
10.68	8.26E-02			
10.69	6.78E-02			
10.7	5.94E-02			
10.71	5.18E-02			
10.72	3.19E-02			
10.73	8.49E-03			
10.74	1.34E-03			
10.75	8.79E-03			
10.76	7.45E-03			
10.77	-1.45E-02			
10.78	-4.23E-02			
10.79	-5.44E-02			
10.8	-4.50E-02			
10.81	-2.53E-02			
10.82	-8.98E-03			
10.83	2.26E-03			
10.84	1.80E-02			
10.85	4.18E-02			
10.86	5.69E-02			
10.87	4.38E-02			
10.88	1.04E-02			
10.89	-1.15E-02			
10.9	-6.47E-03			
10.91	6.60E-03			
10.92	5.37E-03			
10.93	-6.23E-03			
10.94	-1.34E-02			
10.95	-1.73E-02			
10.96	-2.78E-02			
10.97	-4.13E-02			
10.98	-4.54E-02			
10.99	-3.99E-02			
11	-3.50E-02			
11.01	-3.25E-02			
11.02	-2.68E-02			
11.03	-1.83E-02			
11.04	-1.04E-02			
11.05	6.12E-04			
11.06	2.00E-02			
11.07	4.09E-02			
11.08	5.37E-02			
11.09	6.49E-02			
11.1	8.62E-02			
11.11	1.11E-01			
11.12	1.17E-01			
11.13	9.97E-02			
11.14	7.39E-02			
11.15	5.14E-02			
11.16	2.49E-02			
11.17	-9.90E-03			
11.18	-3.83E-02			
11.19	-4.26E-02			
11.2	-2.69E-02			
11.21	-1.40E-02			
11.22	-2.28E-02			
11.23	-5.31E-02			
11.24	-8.82E-02			
11.25	-1.07E-01			
11.26	-1.00E-01			
11.27	-7.78E-02			
11.28	-5.93E-02			
11.29	-4.89E-02			
11.3	-3.49E-02			
11.31	-1.23E-02			
11.32	8.55E-03			
11.33	1.87E-02			
11.34	2.57E-02			
11.35	3.91E-02			
11.36	5.25E-02			
11.37	5.15E-02			
11.38	3.61E-02			
11.39	1.93E-02			
11.4	8.91E-03			
11.41	1.59E-03			
11.42	-6.35E-03			
11.43	-1.37E-02			
11.44	-2.06E-02			
11.45	-2.83E-02			
11.46	-3.29E-02			
11.47	-2.97E-02			
11.48	-2.36E-02			
11.49	-2.62E-02			
11.5	-3.89E-02			
11.51	-5.06E-02			
11.52	-5.54E-02			
11.53	-6.14E-02			
11.54	-7.42E-02			
11.55	-8.48E-02			
11.56	-8.13E-02			
11.57	-6.69E-02			
11.58	-5.39E-02			
11.59	-4.52E-02			
11.6	-3.41E-02			
11.61	-1.75E-02			
11.62	-1.65E-03			
11.63	6.84E-03			
11.64	7.14E-03			
11.65	1.77E-03			
11.66	-4.27E-03			
11.67	-4.64E-03			
11.68	3.67E-07			
11.69	-1.59E-03			
11.7	-1.76E-02			
11.71	-3.73E-02			
11.72	-4.13E-02			
11.73	-2.64E-02			
11.74	-8.61E-03			
11.75	1.10E-03			
11.76	8.49E-03			
11.77	2.16E-02			
11.78	3.77E-02			
11.79	5.14E-02			
11.8	6.31E-02			
11.81	7.14E-02			
11.82	6.74E-02			
11.83	4.86E-02			
11.84	2.63E-02			
11.85	9.89E-03			
11.86	-6.17E-03			
11.87	-2.88E-02			
11.88	-4.79E-02			
11.89	-4.92E-02			
11.9	-3.67E-02			
11.91	-2.70E-02			
11.92	-2.44E-02			
11.93	-1.84E-02			
11.94	-5.25E-03			
11.95	6.29E-03			
11.96	1.32E-02			
11.97	2.35E-02			
11.98	3.83E-02			
11.99	4.23E-02			
12	2.49E-02			
12.01	-3.18E-03			
12.02	-2.35E-02			
12.03	-3.32E-02			
12.04	-4.33E-02			
12.05	-5.80E-02			
12.06	-6.96E-02			
12.07	-7.15E-02			
12.08	-6.70E-02			
12.09	-6.29E-02			
12.1	-6.05E-02			
12.11	-5.72E-02			
12.12	-5.20E-02			
12.13	-4.63E-02			
12.14	-4.19E-02			
12.15	-3.74E-02			
12.16	-3.12E-02			
12.17	-2.56E-02			
12.18	-2.74E-02			
12.19	-3.97E-02			
12.2	-5.48E-02			
12.21	-6.25E-02			
12.22	-6.43E-02			
12.23	-7.26E-02			
12.24	-9.23E-02			
12.25	-1.11E-01			
12.26	-1.13E-01			
12.27	-1.01E-01			
12.28	-8.96E-02			
12.29	-8.40E-02			
12.3	-7.88E-02			
12.31	-6.92E-02			
12.32	-5.90E-02			
12.33	-5.29E-02			
12.34	-4.85E-02			
12.35	-4.16E-02			
12.36	-3.37E-02			
12.37	-2.72E-02			
12.38	-2.05E-02			
12.39	-1.01E-02			
12.4	2.26E-03			
12.41	1.26E-02			
12.42	2.13E-02			
12.43	3.17E-02			
12.44	4.43E-02			
12.45	5.50E-02			
12.46	6.22E-02			
12.47	6.94E-02			
12.48	7.84E-02			
12.49	8.76E-02			
12.5	9.49E-02			
12.51	1.02E-01			
12.52	1.09E-01			
12.53	1.14E-01			
12.54	1.15E-01			
12.55	1.16E-01			
12.56	1.21E-01			
12.57	1.26E-01			
12.58	1.27E-01			
12.59	1.28E-01			
12.6	1.36E-01			
12.61	1.51E-01			
12.62	1.62E-01			
12.63	1.70E-01			
12.64	1.83E-01			
12.65	2.02E-01			
12.66	2.07E-01			
12.67	1.79E-01			
12.68	1.26E-01			
12.69	7.63E-02			
12.7	4.48E-02			
12.71	1.97E-02			
12.72	-1.40E-02			
12.73	-4.98E-02			
12.74	-6.81E-02			
12.75	-6.49E-02			
12.76	-5.64E-02			
12.77	-5.84E-02			
12.78	-7.08E-02			
12.79	-8.56E-02			
12.8	-1.00E-01			
12.81	-1.16E-01			
12.82	-1.27E-01			
12.83	-1.28E-01			
12.84	-1.20E-01			
12.85	-1.11E-01			
12.86	-1.07E-01			
12.87	-1.03E-01			
12.88	-9.36E-02			
12.89	-8.19E-02			
12.9	-7.60E-02			
12.91	-7.77E-02			
12.92	-8.23E-02			
12.93	-8.54E-02			
12.94	-8.69E-02			
12.95	-8.75E-02			
12.96	-8.74E-02			
12.97	-8.74E-02			
12.98	-8.82E-02			
12.99	-8.92E-02			
13	-8.88E-02			
13.01	-8.78E-02			
13.02	-8.87E-02			
13.03	-9.13E-02			
13.04	-9.00E-02			
13.05	-7.86E-02			
13.06	-5.50E-02			
13.07	-2.36E-02			
13.08	5.50E-03			
13.09	2.14E-02			
13.1	2.17E-02			
13.11	1.78E-02			
13.12	2.52E-02			
13.13	4.48E-02			
13.14	5.89E-02			
13.15	5.25E-02			
13.16	3.22E-02			
13.17	1.91E-02			
13.18	2.38E-02			
13.19	3.81E-02			
13.2	4.96E-02			
13.21	5.60E-02			
13.22	5.98E-02			
13.23	6.00E-02			
13.24	5.37E-02			
13.25	4.40E-02			
13.26	3.60E-02			
13.27	2.90E-02			
13.28	2.03E-02			
13.29	1.42E-02			
13.3	2.00E-02			
13.31	3.69E-02			
13.32	5.04E-02			
13.33	4.80E-02			
13.34	3.47E-02			
13.35	2.60E-02			
13.36	2.96E-02			
13.37	3.92E-02			
13.38	4.38E-02			
13.39	3.79E-02			
13.4	2.45E-02			
13.41	1.25E-02			
13.42	8.73E-03			
13.43	1.07E-02			
13.44	8.06E-03			
13.45	-3.60E-03			
13.46	-1.53E-02			
13.47	-1.58E-02			
13.48	-7.57E-03			
13.49	-2.26E-03			
13.5	-2.14E-03			
13.51	4.89E-04			
13.52	7.82E-03			
13.53	1.09E-02			
13.54	4.21E-03			
13.55	-6.17E-03			
13.56	-1.45E-02			
13.57	-2.31E-02			
13.58	-3.24E-02			
13.59	-3.44E-02			
13.6	-2.43E-02			
13.61	-1.09E-02			
13.62	-3.05E-03			
13.63	4.03E-03			
13.64	1.87E-02			
13.65	3.57E-02			
13.66	4.32E-02			
13.67	4.27E-02			
13.68	4.49E-02			
13.69	5.10E-02			
13.7	5.20E-02			
13.71	4.78E-02			
13.72	4.77E-02			
13.73	5.20E-02			
13.74	4.86E-02			
13.75	3.37E-02			
13.76	1.98E-02			
13.77	1.76E-02			
13.78	2.24E-02			
13.79	2.56E-02			
13.8	2.82E-02			
13.81	3.35E-02			
13.82	3.98E-02			
13.83	4.52E-02			
13.84	5.16E-02			
13.85	5.80E-02			
13.86	5.86E-02			
13.87	5.56E-02			
13.88	6.02E-02			
13.89	7.41E-02			
13.9	8.36E-02			
13.91	8.18E-02			
13.92	8.15E-02			
13.93	9.20E-02			
13.94	9.65E-02			
13.95	7.44E-02			
13.96	3.53E-02			
13.97	9.10E-03			
13.98	4.34E-03			
13.99	1.77E-03			
14	-1.23E-02			
14.01	-2.86E-02			
14.02	-3.55E-02			
14.03	-3.78E-02			
14.04	-4.32E-02			
14.05	-4.73E-02			
14.06	-4.26E-02			
14.07	-3.30E-02			
14.08	-2.78E-02			
14.09	-2.86E-02			
14.1	-2.77E-02			
14.11	-1.64E-02			
14.12	7.70E-03			
14.13	3.50E-02			
14.14	4.34E-02			
14.15	1.87E-02			
14.16	-2.33E-02			
14.17	-4.77E-02			
14.18	-3.96E-02			
14.19	-1.91E-02			
14.2	-8.24E-03			
14.21	-2.44E-03			
14.22	1.39E-02			
14.23	3.66E-02			
14.24	4.56E-02			
14.25	3.17E-02			
14.26	2.50E-03			
14.27	-3.41E-02			
14.28	-7.08E-02			
14.29	-9.15E-02			
14.3	-8.13E-02			
14.31	-5.03E-02			
14.32	-2.54E-02			
14.33	-1.80E-02			
14.34	-1.39E-02			
14.35	-1.71E-03			
14.36	8.24E-03			
14.37	2.81E-03			
14.38	-1.19E-02			
14.39	-2.18E-02			
14.4	-2.54E-02			
14.41	-2.98E-02			
14.42	-3.41E-02			
14.43	-3.24E-02			
14.44	-2.72E-02			
14.45	-2.71E-02			
14.46	-3.08E-02			
14.47	-2.94E-02			
14.48	-2.01E-02			
14.49	-1.09E-02			
14.5	-7.02E-03			
14.51	-5.92E-03			
14.52	-3.66E-03			
14.53	1.28E-03			
14.54	1.05E-02			
14.55	2.27E-02			
14.56	3.03E-02			
14.57	3.00E-02			
14.58	3.49E-02			
14.59	6.06E-02			
14.6	9.78E-02			
14.61	1.14E-01			
14.62	9.14E-02			
14.63	5.04E-02			
14.64	1.84E-02			
14.65	-4.89E-03			
14.66	-3.71E-02			
14.67	-7.69E-02			
14.68	-1.01E-01			
14.69	-9.77E-02			
14.7	-8.24E-02			
14.71	-7.54E-02			
14.72	-7.57E-02			
14.73	-6.98E-02			
14.74	-5.51E-02			
14.75	-4.13E-02			
14.76	-3.34E-02			
14.77	-2.57E-02			
14.78	-1.33E-02			
14.79	-1.16E-03			
14.8	3.36E-03			
14.81	4.52E-03			
14.82	1.48E-02			
14.83	3.68E-02			
14.84	5.20E-02			
14.85	3.82E-02			
14.86	-2.39E-03			
14.87	-4.02E-02			
14.88	-4.96E-02			
14.89	-3.89E-02			
14.9	-3.67E-02			
14.91	-5.34E-02			
14.92	-7.02E-02			
14.93	-6.80E-02			
14.94	-5.28E-02			
14.95	-4.24E-02			
14.96	-3.76E-02			
14.97	-2.28E-02			
14.98	8.74E-03			
14.99	4.34E-02			
15	6.46E-02			
15.01	7.39E-02			
15.02	8.56E-02			
15.03	1.07E-01			
15.04	1.30E-01			
15.05	1.43E-01			
15.06	1.41E-01			
15.07	1.33E-01			
15.08	1.22E-01			
15.09	1.04E-01			
15.1	7.63E-02			
15.11	4.63E-02			
15.12	2.31E-02			
15.13	6.72E-03			
15.14	-9.16E-03			
15.15	-2.26E-02			
15.16	-2.29E-02			
15.17	-8.36E-03			
15.18	7.33E-03			
15.19	1.36E-02			
15.2	1.86E-02			
15.21	3.49E-02			
15.22	5.53E-02			
15.23	5.92E-02			
15.24	4.08E-02			
15.25	1.72E-02			
15.26	4.33E-03			
15.27	-5.51E-04			
15.28	-8.12E-03			
15.29	-1.74E-02			
15.3	-1.91E-02			
15.31	-1.12E-02			
15.32	-1.77E-03			
15.33	2.08E-03			
15.34	3.66E-04			
15.35	-4.76E-03			
15.36	-1.17E-02			
15.37	-1.79E-02			
15.38	-2.16E-02			
15.39	-2.46E-02			
15.4	-3.07E-02			
15.41	-4.05E-02			
15.42	-5.24E-02			
15.43	-6.47E-02			
15.44	-7.39E-02			
15.45	-7.32E-02			
15.46	-5.92E-02			
15.47	-3.96E-02			
15.48	-2.69E-02			
15.49	-2.29E-02			
15.5	-1.83E-02			
15.51	-7.26E-03			
15.52	4.28E-03			
15.53	9.28E-03			
15.54	9.71E-03			
15.55	1.13E-02			
15.56	1.42E-02			
15.57	1.65E-02			
15.58	2.23E-02			
15.59	3.45E-02			
15.6	4.48E-02			
15.61	3.77E-02			
15.62	9.04E-03			
15.63	-2.81E-02			
15.64	-5.56E-02			
15.65	-6.46E-02			
15.66	-5.68E-02			
15.67	-4.02E-02			
15.68	-2.45E-02			
15.69	-1.54E-02			
15.7	-8.49E-03			
15.71	5.19E-03			
15.72	2.57E-02			
15.73	4.12E-02			
15.74	4.15E-02			
15.75	3.07E-02			
15.76	1.88E-02			
15.77	8.91E-03			
15.78	-2.99E-03			
15.79	-1.70E-02			
15.8	-2.45E-02			
15.81	-1.83E-02			
15.82	-1.77E-03			
15.83	1.48E-02			
15.84	2.54E-02			
15.85	3.44E-02			
15.86	4.89E-02			
15.87	6.78E-02			
15.88	8.01E-02			
15.89	7.72E-02			
15.9	6.31E-02			
15.91	4.78E-02			
15.92	3.40E-02			
15.93	1.73E-02			
15.94	-1.65E-03			
15.95	-1.51E-02			
15.96	-1.96E-02			
15.97	-2.15E-02			
15.98	-2.54E-02			
15.99	-2.68E-02			
16	-2.13E-02			
16.01	-1.43E-02			
16.02	-1.15E-02			
16.03	-7.45E-03			
16.04	5.31E-03			
16.05	2.09E-02			
16.06	2.43E-02			
16.07	1.23E-02			
16.08	-3.18E-03			
16.09	-1.33E-02			
16.1	-2.23E-02			
16.11	-3.58E-02			
16.12	-4.78E-02			
16.13	-4.81E-02			
16.14	-3.72E-02			
16.15	-2.57E-02			
16.16	-1.95E-02			
16.17	-1.40E-02			
16.18	-2.07E-03			
16.19	1.25E-02			
16.2	1.76E-02			
16.21	7.08E-03			
16.22	-8.43E-03			
16.23	-1.17E-02			
16.24	7.97E-04			
16.25	1.61E-02			
16.26	2.31E-02			
16.27	2.73E-02			
16.28	3.84E-02			
16.29	5.35E-02			
16.3	6.09E-02			
16.31	5.82E-02			
16.32	5.29E-02			
16.33	4.92E-02			
16.34	4.37E-02			
16.35	3.68E-02			
16.36	3.54E-02			
16.37	4.21E-02			
16.38	5.12E-02			
16.39	5.86E-02			
16.4	6.69E-02			
16.41	7.41E-02			
16.42	6.93E-02			
16.43	4.70E-02			
16.44	1.78E-02			
16.45	-3.85E-03			
16.46	-1.76E-02			
16.47	-3.33E-02			
16.48	-5.34E-02			
16.49	-6.81E-02			
16.5	-6.80E-02			
16.51	-5.50E-02			
16.52	-3.91E-02			
16.53	-2.85E-02			
16.54	-2.30E-02			
16.55	-1.58E-02			
16.56	-2.99E-03			
16.57	9.47E-03			
16.58	1.18E-02			
16.59	1.71E-03			
16.6	-1.27E-02			
16.61	-2.50E-02			
16.62	-3.61E-02			
16.63	-4.71E-02			
16.64	-5.20E-02			
16.65	-4.61E-02			
16.66	-3.45E-02			
16.67	-2.63E-02			
16.68	-2.19E-02			
16.69	-1.43E-02			
16.7	-1.53E-03			
16.71	1.01E-02			
16.72	1.48E-02			
16.73	1.26E-02			
16.74	6.72E-03			
16.75	-2.46E-04			
16.76	-6.05E-03			
16.77	-9.22E-03			
16.78	-1.26E-02			
16.79	-2.06E-02			
16.8	-3.24E-02			
16.81	-3.98E-02			
16.82	-3.57E-02			
16.83	-2.24E-02			
16.84	-8.85E-03			
16.85	-1.21E-04			
16.86	7.02E-03			
16.87	1.81E-02			
16.88	3.19E-02			
16.89	4.23E-02			
16.9	4.77E-02			
16.91	5.35E-02			
16.92	6.19E-02			
16.93	6.56E-02			
16.94	5.83E-02			
16.95	4.49E-02			
16.96	3.40E-02			
16.97	2.08E-02			
16.98	-7.82E-03			
16.99	-4.90E-02			
17	-7.88E-02			
17.01	-7.97E-02			
17.02	-6.23E-02			
17.03	-4.90E-02			
17.04	-4.43E-02			
17.05	-3.66E-02			
17.06	-2.17E-02			
17.07	-7.39E-03			
17.08	3.54E-03			
17.09	1.80E-02			
17.1	3.52E-02			
17.11	4.18E-02			
17.12	3.02E-02			
17.13	1.42E-02			
17.14	1.19E-02			
17.15	2.37E-02			
17.16	3.49E-02			
17.17	3.61E-02			
17.18	3.19E-02			
17.19	2.85E-02			
17.2	2.63E-02			
17.21	2.33E-02			
17.22	2.06E-02			
17.23	1.99E-02			
17.24	2.06E-02			
17.25	2.02E-02			
17.26	1.73E-02			
17.27	1.12E-02			
17.28	2.50E-03			
17.29	-6.53E-03			
17.3	-1.51E-02			
17.31	-2.44E-02			
17.32	-3.45E-02			
17.33	-3.98E-02			
17.34	-3.50E-02			
17.35	-2.33E-02			
17.36	-1.43E-02			
17.37	-1.01E-02			
17.38	-3.24E-03			
17.39	9.59E-03			
17.4	1.77E-02			
17.41	9.46E-03			
17.42	-1.02E-02			
17.43	-2.43E-02			
17.44	-2.55E-02			
17.45	-2.36E-02			
17.46	-2.88E-02			
17.47	-3.74E-02			
17.48	-3.91E-02			
17.49	-3.24E-02			
17.5	-2.51E-02			
17.51	-2.21E-02			
17.52	-2.15E-02			
17.53	-2.02E-02			
17.54	-1.89E-02			
17.55	-1.87E-02			
17.56	-1.73E-02			
17.57	-1.20E-02			
17.58	-4.27E-03			
17.59	4.28E-04			
17.6	-2.32E-03			
17.61	-1.12E-02			
17.62	-1.93E-02			
17.63	-1.96E-02			
17.64	-1.21E-02			
17.65	-1.71E-03			
17.66	8.43E-03			
17.67	2.01E-02			
17.68	3.54E-02			
17.69	5.31E-02			
17.7	7.04E-02			
17.71	8.49E-02			
17.72	9.32E-02			
17.73	9.28E-02			
17.74	8.65E-02			
17.75	8.13E-02			
17.76	7.79E-02			
17.77	6.94E-02			
17.78	5.18E-02			
17.79	3.23E-02			
17.8	1.94E-02			
17.81	1.14E-02			
17.82	1.04E-03			
17.83	-1.13E-02			
17.84	-1.89E-02			
17.85	-1.91E-02			
17.86	-1.58E-02			
17.87	-1.20E-02			
17.88	-6.96E-03			
17.89	-1.83E-03			
17.9	1.71E-03			
17.91	5.74E-03			
17.92	1.36E-02			
17.93	2.14E-02			
17.94	2.15E-02			
17.95	1.29E-02			
17.96	2.81E-03			
17.97	-4.82E-03			
17.98	-1.30E-02			
17.99	-2.33E-02			
18	-3.31E-02			
18.01	-4.20E-02			
18.02	-5.33E-02			
18.03	-6.58E-02			
18.04	-7.18E-02			
18.05	-6.78E-02			
18.06	-5.94E-02			
18.07	-5.26E-02			
18.08	-4.67E-02			
18.09	-3.94E-02			
18.1	-3.17E-02			
18.11	-2.41E-02			
18.12	-1.44E-02			
18.13	-4.40E-03			
18.14	-1.28E-03			
18.15	-7.82E-03			
18.16	-1.80E-02			
18.17	-2.58E-02			
18.18	-3.28E-02			
18.19	-4.13E-02			
18.2	-4.70E-02			
18.21	-4.56E-02			
18.22	-4.02E-02			
18.23	-3.65E-02			
18.24	-3.47E-02			
18.25	-3.29E-02			
18.26	-3.26E-02			
18.27	-3.69E-02			
18.28	-4.40E-02			
18.29	-4.89E-02			
18.3	-5.04E-02			
18.31	-5.00E-02			
18.32	-4.81E-02			
18.33	-4.52E-02			
18.34	-4.32E-02			
18.35	-4.11E-02			
18.36	-3.64E-02			
18.37	-3.07E-02			
18.38	-2.86E-02			
18.39	-2.93E-02			
18.4	-2.59E-02			
18.41	-1.82E-02			
18.42	-1.45E-02			
18.43	-1.53E-02			
18.44	-6.53E-03			
18.45	2.01E-02			
18.46	5.13E-02			
18.47	6.88E-02			
18.48	7.40E-02			
18.49	8.05E-02			
18.5	8.92E-02			
18.51	8.89E-02			
18.52	8.01E-02			
18.53	7.58E-02			
18.54	7.77E-02			
18.55	6.99E-02			
18.56	4.51E-02			
18.57	1.89E-02			
18.58	7.82E-03			
18.59	6.96E-03			
18.6	1.65E-03			
18.61	-8.86E-03			
18.62	-1.31E-02			
18.63	-7.82E-03			
18.64	-1.16E-03			
18.65	1.04E-03			
18.66	2.69E-03			
18.67	7.08E-03			
18.68	1.09E-02			
18.69	1.09E-02			
18.7	1.03E-02			
18.71	1.37E-02			
18.72	2.00E-02			
18.73	2.32E-02			
18.74	2.06E-02			
18.75	1.45E-02			
18.76	7.82E-03			
18.77	9.15E-04			
18.78	-5.99E-03			
18.79	-9.71E-03			
18.8	-7.02E-03			
18.81	3.68E-04			
18.82	6.84E-03			
18.83	9.47E-03			
18.84	1.11E-02			
18.85	1.39E-02			
18.86	1.47E-02			
18.87	9.40E-03			
18.88	-6.11E-04			
18.89	-1.02E-02			
18.9	-1.65E-02			
18.91	-1.96E-02			
18.92	-1.87E-02			
18.93	-1.22E-02			
18.94	-9.75E-04			
18.95	9.89E-03			
18.96	1.61E-02			
18.97	1.61E-02			
18.98	1.04E-02			
18.99	3.64E-04			
19	-1.14E-02			
19.01	-2.25E-02			
19.02	-3.10E-02			
19.03	-3.50E-02			
19.04	-3.12E-02			
19.05	-2.06E-02			
19.06	-9.89E-03			
19.07	-5.56E-03			
19.08	-5.62E-03			
19.09	-4.03E-03			
19.1	1.23E-04			
19.11	2.69E-03			
19.12	2.26E-03			
19.13	2.50E-03			
19.14	4.82E-03			
19.15	6.41E-03			
19.16	5.98E-03			
19.17	6.53E-03			
19.18	9.65E-03			
19.19	1.28E-02			
19.2	1.39E-02			
19.21	1.50E-02			
19.22	1.78E-02			
19.23	2.08E-02			
19.24	2.24E-02			
19.25	2.38E-02			
19.26	2.64E-02			
19.27	2.91E-02			
19.28	3.10E-02			
19.29	3.28E-02			
19.3	3.51E-02			
19.31	3.71E-02			
19.32	3.95E-02			
19.33	4.38E-02			
19.34	4.81E-02			
19.35	4.75E-02			
19.36	4.02E-02			
19.37	3.08E-02			
19.38	2.41E-02			
19.39	1.91E-02			
19.4	1.18E-02			
19.41	1.71E-03			
19.42	-8.18E-03			
19.43	-1.39E-02			
19.44	-1.25E-02			
19.45	-4.21E-03			
19.46	5.31E-03			
19.47	8.73E-03			
19.48	2.87E-03			
19.49	-9.71E-03			
19.5	-2.57E-02			
19.51	-4.29E-02			
19.52	-5.75E-02			
19.53	-6.48E-02			
19.54	-6.44E-02			
19.55	-6.19E-02			
19.56	-6.01E-02			
19.57	-5.49E-02			
19.58	-4.23E-02			
19.59	-2.47E-02			
19.6	-6.77E-03			
19.61	1.11E-02			
19.62	2.76E-02			
19.63	3.55E-02			
19.64	2.83E-02			
19.65	1.15E-02			
19.66	-2.26E-03			
19.67	-6.47E-03			
19.68	-5.98E-03			
19.69	-7.27E-03			
19.7	-1.13E-02			
19.71	-1.62E-02			
19.72	-2.24E-02			
19.73	-3.13E-02			
19.74	-4.25E-02			
19.75	-5.17E-02			
19.76	-5.28E-02			
19.77	-4.19E-02			
19.78	-2.27E-02			
19.79	-5.31E-03			
19.8	3.11E-03			
19.81	5.37E-03			
19.82	7.94E-03			
19.83	1.20E-02			
19.84	1.42E-02			
19.85	1.48E-02			
19.86	1.73E-02			
19.87	2.21E-02			
19.88	2.58E-02			
19.89	2.83E-02			
19.9	3.29E-02			
19.91	3.89E-02			
19.92	3.99E-02			
19.93	3.14E-02			
19.94	1.66E-02			
19.95	8.52E-04			
19.96	-1.38E-02			
19.97	-2.61E-02			
19.98	-3.30E-02			
19.99	-3.28E-02			
20	-2.96E-02			
20.01	-2.83E-02			
20.02	-2.93E-02			
20.03	-3.01E-02			
20.04	-3.09E-02			
20.05	-3.30E-02			
20.06	-3.46E-02			
20.07	-3.21E-02			
20.08	-2.49E-02			
20.09	-1.61E-02			
20.1	-7.75E-03			
20.11	1.22E-03			
20.12	1.28E-02			
20.13	2.63E-02			
20.14	3.83E-02			
20.15	4.40E-02			
20.16	4.10E-02			
20.17	3.25E-02			
20.18	2.49E-02			
20.19	2.07E-02			
20.2	1.59E-02			
20.21	6.72E-03			
20.22	-4.09E-03			
20.23	-1.14E-02			
20.24	-1.56E-02			
20.25	-2.13E-02			
20.26	-2.94E-02			
20.27	-3.47E-02			
20.28	-3.22E-02			
20.29	-2.29E-02			
20.3	-1.13E-02			
20.31	-4.26E-04			
20.32	9.59E-03			
20.33	2.05E-02			
20.34	3.41E-02			
20.35	4.90E-02			
20.36	5.87E-02			
20.37	5.65E-02			
20.38	4.32E-02			
20.39	2.69E-02			
20.4	1.45E-02			
20.41	6.29E-03			
20.42	-6.73E-04			
20.43	-7.51E-03			
20.44	-1.37E-02			
20.45	-2.03E-02			
20.46	-2.75E-02			
20.47	-3.30E-02			
20.48	-3.47E-02			
20.49	-3.48E-02			
20.5	-3.64E-02			
20.51	-3.91E-02			
20.52	-4.04E-02			
20.53	-3.99E-02			
20.54	-4.10E-02			
20.55	-4.51E-02			
20.56	-4.98E-02			
20.57	-5.12E-02			
20.58	-4.89E-02			
20.59	-4.48E-02			
20.6	-4.14E-02			
20.61	-4.05E-02			
20.62	-4.15E-02			
20.63	-4.09E-02			
20.64	-3.58E-02			
20.65	-2.73E-02			
20.66	-1.90E-02			
20.67	-1.24E-02			
20.68	-5.80E-03			
20.69	8.56E-04			
20.7	4.46E-03			
20.71	2.63E-03			
20.72	-1.95E-03			
20.73	-5.19E-03			
20.74	-7.27E-03			
20.75	-1.15E-02			
20.76	-1.72E-02			
20.77	-1.87E-02			
20.78	-1.17E-02			
20.79	7.96E-04			
20.8	1.28E-02			
20.81	2.34E-02			
20.82	3.65E-02			
20.83	5.29E-02			
20.84	6.66E-02			
20.85	7.26E-02			
20.86	7.30E-02			
20.87	7.42E-02			
20.88	7.77E-02			
20.89	7.90E-02			
20.9	7.54E-02			
20.91	6.94E-02			
20.92	6.40E-02			
20.93	5.81E-02			
20.94	4.93E-02			
20.95	3.86E-02			
20.96	2.69E-02			
20.97	1.28E-02			
20.98	-4.46E-03			
20.99	-2.02E-02			
21	-2.94E-02			
21.01	-3.36E-02			
21.02	-3.91E-02			
21.03	-4.66E-02			
21.04	-5.02E-02			
21.05	-4.75E-02			
21.06	-4.36E-02			
21.07	-4.29E-02			
21.08	-4.24E-02			
21.09	-3.73E-02			
21.1	-2.81E-02			
21.11	-1.76E-02			
21.12	-5.31E-03			
21.13	9.71E-03			
21.14	2.42E-02			
21.15	3.46E-02			
21.16	4.34E-02			
21.17	5.39E-02			
21.18	6.16E-02			
21.19	5.85E-02			
21.2	4.60E-02			
21.21	3.46E-02			
21.22	2.89E-02			
21.23	2.33E-02			
21.24	1.28E-02			
21.25	1.77E-03			
21.26	-5.44E-03			
21.27	-1.38E-02			
21.28	-2.80E-02			
21.29	-4.16E-02			
21.3	-4.31E-02			
21.31	-3.16E-02			
21.32	-1.78E-02			
21.33	-8.36E-03			
21.34	1.24E-04			
21.35	1.22E-02			
21.36	2.58E-02			
21.37	3.80E-02			
21.38	4.90E-02			
21.39	5.95E-02			
21.4	6.53E-02			
21.41	6.34E-02			
21.42	5.65E-02			
21.43	4.93E-02			
21.44	4.21E-02			
21.45	3.18E-02			
21.46	1.87E-02			
21.47	6.17E-03			
21.48	-4.89E-03			
21.49	-1.69E-02			
21.5	-3.08E-02			
21.51	-4.41E-02			
21.52	-5.42E-02			
21.53	-6.23E-02			
21.54	-7.22E-02			
21.55	-8.45E-02			
21.56	-9.47E-02			
21.57	-9.64E-02			
21.58	-8.80E-02			
21.59	-7.51E-02			
21.6	-6.43E-02			
21.61	-5.45E-02			
21.62	-3.83E-02			
21.63	-1.42E-02			
21.64	8.86E-03			
21.65	2.29E-02			
21.66	3.15E-02			
21.67	4.40E-02			
21.68	6.00E-02			
21.69	6.86E-02			
21.7	6.26E-02			
21.71	4.90E-02			
21.72	3.92E-02			
21.73	3.65E-02			
21.74	3.58E-02			
21.75	3.38E-02			
21.76	3.17E-02			
21.77	2.97E-02			
21.78	2.50E-02			
21.79	1.54E-02			
21.8	1.89E-03			
21.81	-1.14E-02			
21.82	-2.02E-02			
21.83	-2.16E-02			
21.84	-1.61E-02			
21.85	-7.94E-03			
21.86	-1.53E-03			
21.87	3.30E-03			
21.88	1.01E-02			
21.89	1.97E-02			
21.9	2.91E-02			
21.91	3.58E-02			
21.92	4.16E-02			
21.93	4.94E-02			
21.94	5.74E-02			
21.95	6.00E-02			
21.96	5.41E-02			
21.97	4.29E-02			
21.98	3.20E-02			
21.99	2.39E-02			
22	1.68E-02			
22.01	8.00E-03			
22.02	-2.44E-03			
22.03	-1.22E-02			
22.04	-1.92E-02			
22.05	-2.39E-02			
22.06	-2.82E-02			
22.07	-3.30E-02			
22.08	-3.78E-02			
22.09	-4.18E-02			
22.1	-4.59E-02			
22.11	-5.07E-02			
22.12	-5.44E-02			
22.13	-5.41E-02			
22.14	-4.92E-02			
22.15	-4.31E-02			
22.16	-3.86E-02			
22.17	-3.51E-02			
22.18	-3.02E-02			
22.19	-2.42E-02			
22.2	-2.00E-02			
22.21	-1.87E-02			
22.22	-1.87E-02			
22.23	-1.78E-02			
22.24	-1.62E-02			
22.25	-1.44E-02			
22.26	-1.22E-02			
22.27	-8.73E-03			
22.28	-5.37E-03			
22.29	-2.69E-03			
22.3	1.22E-04			
22.31	3.91E-03			
22.32	6.05E-03			
22.33	3.54E-03			
22.34	-2.32E-03			
22.35	-7.88E-03			
22.36	-1.14E-02			
22.37	-1.51E-02			
22.38	-2.09E-02			
22.39	-2.74E-02			
22.4	-3.28E-02			
22.41	-3.69E-02			
22.42	-3.96E-02			
22.43	-3.89E-02			
22.44	-3.47E-02			
22.45	-3.04E-02			
22.46	-2.93E-02			
22.47	-3.10E-02			
22.48	-3.34E-02			
22.49	-3.66E-02			
22.5	-4.15E-02			
22.51	-4.65E-02			
22.52	-4.96E-02			
22.53	-5.22E-02			
22.54	-5.74E-02			
22.55	-6.38E-02			
22.56	-6.56E-02			
22.57	-6.16E-02			
22.58	-5.66E-02			
22.59	-5.32E-02			
22.6	-4.54E-02			
22.61	-2.64E-02			
22.62	-8.50E-04			
22.63	1.83E-02			
22.64	2.58E-02			
22.65	3.05E-02			
22.66	4.18E-02			
22.67	5.70E-02			
22.68	6.57E-02			
22.69	6.45E-02			
22.7	5.90E-02			
22.71	5.39E-02			
22.72	4.84E-02			
22.73	4.23E-02			
22.74	3.91E-02			
22.75	3.96E-02			
22.76	3.93E-02			
22.77	3.60E-02			
22.78	3.46E-02			
22.79	3.74E-02			
22.8	3.65E-02			
22.81	2.28E-02			
22.82	7.29E-04			
22.83	-1.67E-02			
22.84	-2.58E-02			
22.85	-3.46E-02			
22.86	-4.70E-02			
22.87	-5.41E-02			
22.88	-4.79E-02			
22.89	-3.39E-02			
22.9	-2.27E-02			
22.91	-1.56E-02			
22.92	-6.53E-03			
22.93	5.62E-03			
22.94	1.66E-02			
22.95	2.57E-02			
22.96	3.63E-02			
22.97	4.71E-02			
22.98	5.13E-02			
22.99	4.63E-02			
23	3.79E-02			
23.01	3.22E-02			
23.02	2.85E-02			
23.03	2.31E-02			
23.04	1.62E-02			
23.05	9.65E-03			
23.06	4.09E-03			
23.07	-5.50E-04			
23.08	-2.63E-03			
23.09	-1.04E-03			
23.1	2.02E-03			
23.11	3.85E-03			
23.12	4.58E-03			
23.13	6.41E-03			
23.14	9.95E-03			
23.15	1.31E-02			
23.16	1.39E-02			
23.17	1.22E-02			
23.18	9.46E-03			
23.19	7.27E-03			
23.2	5.98E-03			
23.21	4.64E-03			
23.22	2.14E-03			
23.23	-9.16E-04			
23.24	-3.05E-03			
23.25	-3.66E-03			
23.26	-3.24E-03			
23.27	-1.65E-03			
23.28	4.89E-04			
23.29	7.94E-04			
23.3	-2.63E-03			
23.31	-8.18E-03			
23.32	-1.25E-02			
23.33	-1.66E-02			
23.34	-2.41E-02			
23.35	-3.40E-02			
23.36	-4.13E-02			
23.37	-4.59E-02			
23.38	-5.42E-02			
23.39	-6.65E-02			
23.4	-7.13E-02			
23.41	-5.81E-02			
23.42	-3.30E-02			
23.43	-1.30E-02			
23.44	-5.13E-03			
23.45	-6.70E-04			
23.46	9.41E-03			
23.47	2.30E-02			
23.48	3.36E-02			
23.49	4.10E-02			
23.5	4.86E-02			
23.51	5.40E-02			
23.52	5.20E-02			
23.53	4.36E-02			
23.54	3.63E-02			
23.55	3.45E-02			
23.56	3.50E-02			
23.57	3.37E-02			
23.58	3.10E-02			
23.59	2.95E-02			
23.6	2.92E-02			
23.61	2.85E-02			
23.62	2.66E-02			
23.63	2.31E-02			
23.64	1.73E-02			
23.65	8.85E-03			
23.66	-6.12E-04			
23.67	-1.06E-02			
23.68	-2.14E-02			
23.69	-3.17E-02			
23.7	-3.74E-02			
23.71	-3.61E-02			
23.72	-3.14E-02			
23.73	-2.93E-02			
23.74	-3.04E-02			
23.75	-3.10E-02			
23.76	-2.83E-02			
23.77	-2.52E-02			
23.78	-2.43E-02			
23.79	-2.55E-02			
23.8	-2.69E-02			
23.81	-2.86E-02			
23.82	-3.16E-02			
23.83	-3.49E-02			
23.84	-3.71E-02			
23.85	-3.75E-02			
23.86	-3.66E-02			
23.87	-3.45E-02			
23.88	-3.12E-02			
23.89	-2.65E-02			
23.9	-1.98E-02			
23.91	-1.01E-02			
23.92	2.08E-03			
23.93	1.35E-02			
23.94	1.98E-02			
23.95	1.99E-02			
23.96	1.65E-02			
23.97	1.35E-02			
23.98	1.29E-02			
23.99	1.40E-02			
24	1.44E-02			
24.01	1.29E-02			
24.02	1.10E-02			
24.03	1.06E-02			
24.04	1.12E-02			
24.05	1.07E-02			
24.06	9.16E-03			
24.07	8.61E-03			
24.08	9.22E-03			
24.09	7.75E-03			
24.1	1.71E-03			
24.11	-6.47E-03			
24.12	-1.31E-02			
24.13	-1.83E-02			
24.14	-2.53E-02			
24.15	-3.53E-02			
24.16	-4.42E-02			
24.17	-4.76E-02			
24.18	-4.42E-02			
24.19	-3.72E-02			
24.2	-3.03E-02			
24.21	-2.50E-02			
24.22	-1.98E-02			
24.23	-1.29E-02			
24.24	-4.64E-03			
24.25	3.12E-03			
24.26	9.65E-03			
24.27	1.48E-02			
24.28	1.73E-02			
24.29	1.65E-02			
24.3	1.48E-02			
24.31	1.58E-02			
24.32	1.78E-02			
24.33	1.54E-02			
24.34	7.69E-03			
24.35	-2.45E-04			
24.36	-5.68E-03			
24.37	-1.23E-02			
24.38	-2.21E-02			
24.39	-2.85E-02			
24.4	-2.36E-02			
24.41	-9.28E-03			
24.42	5.86E-03			
24.43	1.78E-02			
24.44	2.69E-02			
24.45	3.13E-02			
24.46	2.72E-02			
24.47	1.72E-02			
24.48	8.73E-03			
24.49	3.48E-03			
24.5	-4.40E-03			
24.51	-1.61E-02			
24.52	-2.29E-02			
24.53	-1.84E-02			
24.54	-7.94E-03			
24.55	-4.89E-04			
24.56	3.36E-03			
24.57	9.28E-03			
24.58	1.83E-02			
24.59	2.62E-02			
24.6	3.18E-02			
24.61	3.91E-02			
24.62	4.86E-02			
24.63	5.34E-02			
24.64	4.70E-02			
24.65	3.19E-02			
24.66	1.67E-02			
24.67	5.62E-03			
24.68	-5.68E-03			
24.69	-2.24E-02			
24.7	-4.06E-02			
24.71	-4.97E-02			
24.72	-4.50E-02			
24.73	-3.35E-02			
24.74	-2.48E-02			
24.75	-1.94E-02			
24.76	-1.01E-02			
24.77	5.93E-03			
24.78	2.19E-02			
24.79	2.93E-02			
24.8	2.68E-02			
24.81	1.94E-02			
24.82	1.21E-02			
24.83	6.41E-03			
24.84	9.76E-04			
24.85	-6.60E-03			
24.86	-1.73E-02			
24.87	-2.89E-02			
24.88	-3.87E-02			
24.89	-4.73E-02			
24.9	-5.79E-02			
24.91	-7.07E-02			
24.92	-7.94E-02			
24.93	-7.72E-02			
24.94	-6.33E-02			
24.95	-4.38E-02			
24.96	-2.58E-02			
24.97	-1.14E-02			
24.98	4.22E-03			
24.99	2.47E-02			
25	4.67E-02			
25.01	6.47E-02			
25.02	7.96E-02			
25.03	9.66E-02			
25.04	1.13E-01			
25.05	1.15E-01			
25.06	9.70E-02			
25.07	7.05E-02			
25.08	5.01E-02			
25.09	3.41E-02			
25.1	1.22E-02			
25.11	-1.53E-02			
25.12	-3.92E-02			
25.13	-6.01E-02			
25.14	-8.65E-02			
25.15	-1.14E-01			
25.16	-1.25E-01			
25.17	-1.11E-01			
25.18	-8.83E-02			
25.19	-7.33E-02			
25.2	-6.26E-02			
25.21	-4.55E-02			
25.22	-2.34E-02			
25.23	-3.42E-03			
25.24	1.55E-02			
25.25	3.57E-02			
25.26	4.84E-02			
25.27	4.51E-02			
25.28	3.31E-02			
25.29	2.66E-02			
25.3	2.50E-02			
25.31	1.88E-02			
25.32	9.83E-03			
25.33	1.09E-02			
25.34	2.29E-02			
25.35	3.26E-02			
25.36	3.46E-02			
25.37	3.90E-02			
25.38	5.13E-02			
25.39	6.17E-02			
25.4	6.08E-02			
25.41	5.44E-02			
25.42	5.27E-02			
25.43	5.53E-02			
25.44	5.65E-02			
25.45	5.72E-02			
25.46	6.05E-02			
25.47	6.38E-02			
25.48	6.31E-02			
25.49	6.08E-02			
25.5	6.03E-02			
25.51	5.79E-02			
25.52	4.77E-02			
25.53	3.14E-02			
25.54	1.59E-02			
25.55	3.48E-03			
25.56	-7.64E-03			
25.57	-1.74E-02			
25.58	-2.36E-02			
25.59	-2.72E-02			
25.6	-3.07E-02			
25.61	-3.34E-02			
25.62	-3.37E-02			
25.63	-3.37E-02			
25.64	-3.69E-02			
25.65	-4.31E-02			
25.66	-5.01E-02			
25.67	-5.82E-02			
25.68	-6.71E-02			
25.69	-7.32E-02			
25.7	-7.39E-02			
25.71	-7.42E-02			
25.72	-7.98E-02			
25.73	-8.71E-02			
25.74	-8.64E-02			
25.75	-7.47E-02			
25.76	-5.75E-02			
25.77	-3.97E-02			
25.78	-2.14E-02			
25.79	-2.87E-03			
25.8	1.32E-02			
25.81	2.64E-02			
25.82	3.87E-02			
25.83	4.82E-02			
25.84	4.99E-02			
25.85	4.40E-02			
25.86	3.68E-02			
25.87	3.18E-02			
25.88	2.56E-02			
25.89	1.81E-02			
25.9	1.59E-02			
25.91	2.43E-02			
25.92	3.86E-02			
25.93	5.13E-02			
25.94	6.04E-02			
25.95	6.61E-02			
25.96	6.44E-02			
25.97	5.27E-02			
25.98	3.76E-02			
25.99	2.77E-02			
26	2.22E-02			
26.01	1.42E-02			
26.02	3.91E-03			
26.03	-4.27E-04			
26.04	2.44E-03			
26.05	2.87E-03			
26.06	-6.41E-03			
26.07	-2.00E-02			
26.08	-2.90E-02			
26.09	-3.35E-02			
26.1	-3.88E-02			
26.11	-4.48E-02			
26.12	-4.65E-02			
26.13	-4.59E-02			
26.14	-5.16E-02			
26.15	-6.60E-02			
26.16	-7.91E-02			
26.17	-7.91E-02			
26.18	-6.41E-02			
26.19	-4.16E-02			
26.2	-1.91E-02			
26.21	8.59E-04			
26.22	1.91E-02			
26.23	3.63E-02			
26.24	5.20E-02			
26.25	6.57E-02			
26.26	7.57E-02			
26.27	7.98E-02			
26.28	7.65E-02			
26.29	6.76E-02			
26.3	5.72E-02			
26.31	4.94E-02			
26.32	4.65E-02			
26.33	4.84E-02			
26.34	5.34E-02			
26.35	5.95E-02			
26.36	6.48E-02			
26.37	6.93E-02			
26.38	7.44E-02			
26.39	8.08E-02			
26.4	8.68E-02			
26.41	9.12E-02			
26.42	9.44E-02			
26.43	9.78E-02			
26.44	9.95E-02			
26.45	9.79E-02			
26.46	9.47E-02			
26.47	9.15E-02			
26.48	8.30E-02			
26.49	6.09E-02			
26.5	2.68E-02			
26.51	-5.56E-03			
26.52	-2.94E-02			
26.53	-5.49E-02			
26.54	-9.19E-02			
26.55	-1.28E-01			
26.56	-1.39E-01			
26.57	-1.19E-01			
26.58	-8.76E-02			
26.59	-6.50E-02			
26.6	-4.76E-02			
26.61	-2.34E-02			
26.62	8.19E-03			
26.63	3.77E-02			
26.64	6.06E-02			
26.65	7.73E-02			
26.66	8.38E-02			
26.67	7.52E-02			
26.68	5.67E-02			
26.69	4.07E-02			
26.7	3.06E-02			
26.71	1.86E-02			
26.72	-1.05E-03			
26.73	-2.32E-02			
26.74	-3.88E-02			
26.75	-4.30E-02			
26.76	-3.53E-02			
26.77	-1.90E-02			
26.78	-2.07E-03			
26.79	8.98E-03			
26.8	1.84E-02			
26.81	3.66E-02			
26.82	6.45E-02			
26.83	8.99E-02			
26.84	1.03E-01			
26.85	1.09E-01			
26.86	1.14E-01			
26.87	1.17E-01			
26.88	1.13E-01			
26.89	1.03E-01			
26.9	9.58E-02			
26.91	9.06E-02			
26.92	8.21E-02			
26.93	7.06E-02			
26.94	6.19E-02			
26.95	5.77E-02			
26.96	5.18E-02			
26.97	3.92E-02			
26.98	2.09E-02			
26.99	3.62E-04			
27	-2.05E-02			
27.01	-4.00E-02			
27.02	-5.83E-02			
27.03	-7.91E-02			
27.04	-1.04E-01			
27.05	-1.27E-01			
27.06	-1.36E-01			
27.07	-1.32E-01			
27.08	-1.25E-01			
27.09	-1.24E-01			
27.1	-1.23E-01			
27.11	-1.16E-01			
27.12	-1.03E-01			
27.13	-8.93E-02			
27.14	-7.77E-02			
27.15	-6.59E-02			
27.16	-5.58E-02			
27.17	-5.10E-02			
27.18	-4.99E-02			
27.19	-4.71E-02			
27.2	-4.12E-02			
27.21	-3.50E-02			
27.22	-2.97E-02			
27.23	-2.38E-02			
27.24	-1.79E-02			
27.25	-1.47E-02			
27.26	-1.44E-02			
27.27	-1.33E-02			
27.28	-9.95E-03			
27.29	-6.66E-03			
27.3	-5.07E-03			
27.31	-2.81E-03			
27.32	1.96E-03			
27.33	6.72E-03			
27.34	8.12E-03			
27.35	6.29E-03			
27.36	3.54E-03			
27.37	5.49E-04			
27.38	-2.93E-03			
27.39	-5.80E-03			
27.4	-6.17E-03			
27.41	-4.64E-03			
27.42	-3.48E-03			
27.43	-2.87E-03			
27.44	-1.28E-03			
27.45	2.38E-03			
27.46	7.70E-03			
27.47	1.40E-02			
27.48	2.09E-02			
27.49	2.76E-02			
27.5	3.33E-02			
27.51	3.90E-02			
27.52	4.59E-02			
27.53	5.35E-02			
27.54	5.88E-02			
27.55	5.98E-02			
27.56	5.73E-02			
27.57	5.29E-02			
27.58	4.73E-02			
27.59	3.99E-02			
27.6	3.06E-02			
27.61	2.04E-02			
27.62	1.09E-02			
27.63	3.66E-03			
27.64	-3.67E-04			
27.65	-2.14E-03			
27.66	-3.36E-03			
27.67	-5.13E-03			
27.68	-6.96E-03			
27.69	-8.37E-03			
27.7	-1.03E-02			
27.71	-1.45E-02			
27.72	-2.05E-02			
27.73	-2.34E-02			
27.74	-1.92E-02			
27.75	-8.49E-03			
27.76	2.57E-03			
27.77	9.40E-03			
27.78	1.36E-02			
27.79	1.89E-02			
27.8	2.48E-02			
27.81	2.77E-02			
27.82	2.71E-02			
27.83	2.64E-02			
27.84	2.71E-02			
27.85	2.45E-02			
27.86	1.58E-02			
27.87	4.88E-03			
27.88	-1.89E-03			
27.89	-5.01E-03			
27.9	-9.71E-03			
27.91	-1.70E-02			
27.92	-2.20E-02			
27.93	-2.09E-02			
27.94	-1.70E-02			
27.95	-1.42E-02			
27.96	-1.22E-02			
27.97	-8.98E-03			
27.98	-6.53E-03			
27.99	-8.24E-03			
28	-1.31E-02			
28.01	-1.64E-02			
28.02	-1.66E-02			
28.03	-1.69E-02			
28.04	-1.96E-02			
28.05	-2.31E-02			
28.06	-2.47E-02			
28.07	-2.47E-02			
28.08	-2.40E-02			
28.09	-2.20E-02			
28.1	-1.78E-02			
28.11	-1.36E-02			
28.12	-1.26E-02			
28.13	-1.51E-02			
28.14	-1.89E-02			
28.15	-2.27E-02			
28.16	-2.69E-02			
28.17	-3.11E-02			
28.18	-3.30E-02			
28.19	-3.27E-02			
28.2	-3.42E-02			
28.21	-3.99E-02			
28.22	-4.63E-02			
28.23	-4.78E-02			
28.24	-4.38E-02			
28.25	-3.84E-02			
28.26	-3.41E-02			
28.27	-2.90E-02			
28.28	-2.17E-02			
28.29	-1.37E-02			
28.3	-7.02E-03			
28.31	-1.53E-03			
28.32	3.05E-03			
28.33	4.27E-03			
28.34	2.43E-04			
28.35	-6.05E-03			
28.36	-9.40E-03			
28.37	-9.10E-03			
28.38	-9.10E-03			
28.39	-1.19E-02			
28.4	-1.52E-02			
28.41	-1.64E-02			
28.42	-1.67E-02			
28.43	-1.93E-02			
28.44	-2.42E-02			
28.45	-2.91E-02			
28.46	-3.30E-02			
28.47	-3.74E-02			
28.48	-4.29E-02			
28.49	-4.67E-02			
28.5	-4.66E-02			
28.51	-4.35E-02			
28.52	-4.04E-02			
28.53	-3.83E-02			
28.54	-3.56E-02			
28.55	-3.13E-02			
28.56	-2.63E-02			
28.57	-2.19E-02			
28.58	-1.75E-02			
28.59	-1.10E-02			
28.6	-1.95E-03			
28.61	7.57E-03			
28.62	1.58E-02			
28.63	2.28E-02			
28.64	2.89E-02			
28.65	3.40E-02			
28.66	3.68E-02			
28.67	3.74E-02			
28.68	3.61E-02			
28.69	3.29E-02			
28.7	2.74E-02			
28.71	1.95E-02			
28.72	1.03E-02			
28.73	1.71E-03			
28.74	-4.58E-03			
28.75	-8.67E-03			
28.76	-1.27E-02			
28.77	-1.87E-02			
28.78	-2.50E-02			
28.79	-2.71E-02			
28.8	-2.33E-02			
28.81	-1.72E-02			
28.82	-1.29E-02			
28.83	-1.03E-02			
28.84	-6.84E-03			
28.85	-2.20E-03			
28.86	1.77E-03			
28.87	5.07E-03			
28.88	9.53E-03			
28.89	1.52E-02			
28.9	2.03E-02			
28.91	2.45E-02			
28.92	2.92E-02			
28.93	3.43E-02			
28.94	3.71E-02			
28.95	3.60E-02			
28.96	3.18E-02			
28.97	2.58E-02			
28.98	1.84E-02			
28.99	1.02E-02			
29	2.44E-03			
29.01	-5.56E-03			
29.02	-1.59E-02			
29.03	-2.69E-02			
29.04	-3.25E-02			
29.05	-2.96E-02			
29.06	-2.23E-02			
29.07	-1.64E-02			
29.08	-1.20E-02			
29.09	-6.11E-03			
29.1	1.47E-03			
29.11	8.73E-03			
29.12	1.56E-02			
29.13	2.36E-02			
29.14	3.03E-02			
29.15	3.10E-02			
29.16	2.48E-02			
29.17	1.75E-02			
29.18	1.38E-02			
29.19	1.27E-02			
29.2	1.04E-02			
29.21	6.23E-03			
29.22	2.38E-03			
29.23	1.83E-04			
29.24	-9.16E-04			
29.25	-1.77E-03			
29.26	-2.38E-03			
29.27	-2.87E-03			
29.28	-3.60E-03			
29.29	-4.27E-03			
29.3	-4.89E-03			
29.31	-6.23E-03			
29.32	-8.98E-03			
29.33	-1.28E-02			
29.34	-1.58E-02			
29.35	-1.67E-02			
29.36	-1.50E-02			
29.37	-1.17E-02			
29.38	-7.75E-03			
29.39	-3.54E-03			
29.4	5.18E-07			
29.41	1.16E-03			
29.42	-2.08E-03			
29.43	-8.73E-03			
29.44	-1.50E-02			
29.45	-1.89E-02			
29.46	-2.30E-02			
29.47	-3.00E-02			
29.48	-3.80E-02			
29.49	-4.12E-02			
29.5	-3.72E-02			
29.51	-3.05E-02			
29.52	-2.55E-02			
29.53	-2.19E-02			
29.54	-1.67E-02			
29.55	-9.40E-03			
29.56	-1.34E-03			
29.57	6.84E-03			
29.58	1.55E-02			
29.59	2.39E-02			
29.6	3.08E-02			
29.61	3.61E-02			
29.62	4.00E-02			
29.63	4.20E-02			
29.64	4.14E-02			
29.65	3.99E-02			
29.66	3.92E-02			
29.67	3.80E-02			
29.68	3.36E-02			
29.69	2.59E-02			
29.7	1.86E-02			
29.71	1.46E-02			
29.72	1.28E-02			
29.73	1.06E-02			
29.74	7.08E-03			
29.75	3.30E-03			
29.76	-6.10E-07			
29.77	-3.36E-03			
29.78	-6.96E-03			
29.79	-1.06E-02			
29.8	-1.32E-02			
29.81	-1.40E-02			
29.82	-1.31E-02			
29.83	-1.19E-02			
29.84	-1.17E-02			
29.85	-1.16E-02			
29.86	-1.04E-02			
29.87	-8.67E-03			
29.88	-8.49E-03			
29.89	-1.08E-02			
29.9	-1.44E-02			
29.91	-1.78E-02			
29.92	-2.08E-02			
29.93	-2.40E-02			
29.94	-2.74E-02			
29.95	-3.14E-02			
29.96	-3.56E-02			
29.97	-3.80E-02			
29.98	-3.66E-02			
29.99	-3.28E-02			
30	-3.02E-02			
30.01	-2.87E-02			
30.02	-2.31E-02			
30.03	-1.11E-02			
30.04	1.83E-03			
30.05	8.55E-03			
30.06	1.00E-02			
30.07	1.33E-02			
30.08	2.07E-02			
30.09	2.64E-02			
30.1	2.60E-02			
30.11	2.24E-02			
30.12	2.03E-02			
30.13	1.93E-02			
30.14	1.62E-02			
30.15	1.22E-02			
30.16	1.09E-02			
30.17	1.32E-02			
30.18	1.59E-02			
30.19	1.76E-02			
30.2	2.02E-02			
30.21	2.37E-02			
30.22	2.46E-02			
30.23	2.06E-02			
30.24	1.44E-02			
30.25	9.47E-03			
30.26	5.56E-03			
30.27	5.85E-05			
30.28	-6.66E-03			
30.29	-1.08E-02			
30.3	-9.89E-03			
30.31	-5.92E-03			
30.32	-2.56E-03			
30.33	-7.93E-04			
30.34	1.59E-03			
30.35	5.86E-03			
30.36	1.02E-02			
30.37	1.16E-02			
30.38	9.52E-03			
30.39	6.29E-03			
30.4	3.97E-03			
30.41	2.38E-03			
30.42	-1.16E-06			
30.43	-3.42E-03			
30.44	-6.66E-03			
30.45	-8.86E-03			
30.46	-1.01E-02			
30.47	-1.08E-02			
30.48	-1.11E-02			
30.49	-1.12E-02			
30.5	-1.17E-02			
30.51	-1.25E-02			
30.52	-1.33E-02			
30.53	-1.46E-02			
30.54	-1.71E-02			
30.55	-1.99E-02			
30.56	-2.03E-02			
30.57	-1.66E-02			
30.58	-1.06E-02			
30.59	-5.01E-03			
30.6	-9.76E-04			
30.61	2.26E-03			
30.62	5.56E-03			
30.63	9.16E-03			
30.64	1.31E-02			
30.65	1.72E-02			
30.66	2.03E-02			
30.67	2.13E-02			
30.68	2.03E-02			
30.69	1.86E-02			
30.7	1.72E-02			
30.71	1.61E-02			
30.72	1.46E-02			
30.73	1.26E-02			
30.74	1.11E-02			
30.75	1.13E-02			
30.76	1.31E-02			
30.77	1.49E-02			
30.78	1.54E-02			
30.79	1.48E-02			
30.8	1.40E-02			
30.81	1.31E-02			
30.82	1.19E-02			
30.83	1.06E-02			
30.84	9.89E-03			
30.85	8.91E-03			
30.86	6.04E-03			
30.87	1.34E-03			
30.88	-2.81E-03			
30.89	-4.64E-03			
30.9	-5.07E-03			
30.91	-6.11E-03			
30.92	-8.55E-03			
30.93	-1.23E-02			
30.94	-1.81E-02			
30.95	-2.56E-02			
30.96	-3.27E-02			
30.97	-3.80E-02			
30.98	-4.28E-02			
30.99	-4.84E-02			
31	-5.28E-02			
31.01	-5.26E-02			
31.02	-4.81E-02			
31.03	-4.33E-02			
31.04	-4.01E-02			
31.05	-3.64E-02			
31.06	-2.96E-02			
31.07	-2.05E-02			
31.08	-1.12E-02			
31.09	-2.56E-03			
31.1	5.07E-03			
31.11	1.07E-02			
31.12	1.34E-02			
31.13	1.47E-02			
31.14	1.60E-02			
31.15	1.74E-02			
31.16	1.80E-02			
31.17	1.84E-02			
31.18	1.98E-02			
31.19	2.25E-02			
31.2	2.60E-02			
31.21	2.99E-02			
31.22	3.37E-02			
31.23	3.54E-02			
31.24	3.34E-02			
31.25	2.94E-02			
31.26	2.56E-02			
31.27	2.23E-02			
31.28	1.76E-02			
31.29	1.12E-02			
31.3	4.58E-03			
31.31	-1.83E-03			
31.32	-8.61E-03			
31.33	-1.51E-02			
31.34	-1.94E-02			
31.35	-2.12E-02			
31.36	-2.33E-02			
31.37	-2.74E-02			
31.38	-3.10E-02			
31.39	-3.11E-02			
31.4	-2.82E-02			
31.41	-2.51E-02			
31.42	-2.31E-02			
31.43	-2.09E-02			
31.44	-1.77E-02			
31.45	-1.43E-02			
31.46	-1.23E-02			
31.47	-1.20E-02			
31.48	-1.28E-02			
31.49	-1.36E-02			
31.5	-1.31E-02			
31.51	-1.11E-02			
31.52	-8.12E-03			
31.53	-5.31E-03			
31.54	-2.62E-03			
31.55	4.89E-04			
31.56	3.97E-03			
31.57	6.23E-03			
31.58	6.59E-03			
31.59	5.98E-03			
31.6	5.56E-03			
31.61	5.37E-03			
31.62	5.07E-03			
31.63	5.07E-03			
31.64	6.47E-03			
31.65	9.41E-03			
31.66	1.28E-02			
31.67	1.57E-02			
31.68	1.83E-02			
31.69	2.11E-02			
31.7	2.47E-02			
31.71	2.85E-02			
31.72	3.13E-02			
31.73	3.19E-02			
31.74	3.03E-02			
31.75	2.77E-02			
31.76	2.56E-02			
31.77	2.40E-02			
31.78	2.20E-02			
31.79	1.90E-02			
31.8	1.66E-02			
31.81	1.69E-02			
31.82	1.95E-02			
31.83	2.23E-02			
31.84	2.38E-02			
31.85	2.55E-02			
31.86	2.88E-02			
31.87	3.16E-02			
31.88	3.07E-02			
31.89	2.58E-02			
31.9	2.00E-02			
31.91	1.54E-02			
31.92	1.07E-02			
31.93	3.91E-03			
31.94	-3.91E-03			
31.95	-1.06E-02			
31.96	-1.66E-02			
31.97	-2.44E-02			
31.98	-3.28E-02			
31.99	-3.70E-02			
32	-3.41E-02			
32.01	-2.75E-02			
32.02	-2.23E-02			
32.03	-1.93E-02			
32.04	-1.51E-02			
32.05	-8.00E-03			
32.06	-9.75E-04			
32.07	2.20E-03			
32.08	1.10E-03			
32.09	-2.08E-03			
32.1	-5.37E-03			
32.11	-8.18E-03			
32.12	-1.03E-02			
32.13	-1.17E-02			
32.14	-1.28E-02			
32.15	-1.39E-02			
32.16	-1.46E-02			
32.17	-1.43E-02			
32.18	-1.31E-02			
32.19	-1.18E-02			
32.2	-1.06E-02			
32.21	-9.22E-03			
32.22	-7.20E-03			
32.23	-4.64E-03			
32.24	-1.83E-03			
32.25	8.55E-04			
32.26	3.36E-03			
32.27	5.74E-03			
32.28	8.61E-03			
32.29	1.22E-02			
32.3	1.61E-02			
32.31	2.01E-02			
32.32	2.43E-02			
32.33	2.88E-02			
32.34	3.25E-02			
32.35	3.44E-02			
32.36	3.47E-02			
32.37	3.41E-02			
32.38	3.24E-02			
32.39	2.84E-02			
32.4	2.17E-02			
32.41	1.39E-02			
32.42	7.45E-03			
32.43	3.24E-03			
32.44	8.54E-04			
32.45	-3.67E-04			
32.46	-1.47E-03			
32.47	-2.99E-03			
32.48	-4.82E-03			
32.49	-6.35E-03			
32.5	-7.57E-03			
32.51	-9.47E-03			
32.52	-1.23E-02			
32.53	-1.50E-02			
32.54	-1.58E-02			
32.55	-1.45E-02			
32.56	-1.18E-02			
32.57	-8.85E-03			
32.58	-5.62E-03			
32.59	-2.62E-03			
32.6	-6.10E-04			
32.61	5.80E-09			
32.62	-2.44E-04			
32.63	-4.89E-04			
32.64	-3.05E-04			
32.65	3.06E-04			
32.66	1.47E-03			
32.67	2.93E-03			
32.68	4.64E-03			
32.69	6.17E-03			
32.7	7.39E-03			
32.71	8.18E-03			
32.72	8.67E-03			
32.73	9.22E-03			
32.74	1.00E-02			
32.75	1.12E-02			
32.76	1.26E-02			
32.77	1.39E-02			
32.78	1.50E-02			
32.79	1.61E-02			
32.8	1.75E-02			
32.81	1.89E-02			
32.82	2.04E-02			
32.83	2.26E-02			
32.84	2.60E-02			
32.85	3.00E-02			
32.86	3.24E-02			
32.87	3.18E-02			
32.88	2.92E-02			
32.89	2.66E-02			
32.9	2.36E-02			
32.91	1.83E-02			
32.92	1.06E-02			
32.93	3.54E-03			
32.94	-6.94E-07			
32.95	-7.33E-04			
32.96	-1.16E-03			
32.97	-2.32E-03			
32.98	-3.60E-03			
32.99	-4.34E-03			
33	-5.43E-03			
33.01	-7.15E-03			
33.02	-8.37E-03			
33.03	-7.69E-03			
33.04	-5.31E-03			
33.05	-2.63E-03			
33.06	-6.10E-04			
33.07	1.16E-03			
33.08	3.67E-03			
33.09	6.84E-03			
33.1	9.83E-03			
33.11	1.25E-02			
33.12	1.57E-02			
33.13	1.92E-02			
33.14	2.09E-02			
33.15	1.90E-02			
33.16	1.45E-02			
33.17	1.03E-02			
33.18	7.51E-03			
33.19	5.01E-03			
33.2	2.01E-03			
33.21	-4.27E-04			
33.22	-2.14E-03			
33.23	-4.15E-03			
33.24	-7.21E-03			
33.25	-9.71E-03			
33.26	-1.01E-02			
33.27	-8.91E-03			
33.28	-7.69E-03			
33.29	-6.72E-03			
33.3	-5.37E-03			
33.31	-3.97E-03			
33.32	-2.99E-03			
33.33	-2.32E-03			
33.34	-1.40E-03			
33.35	-4.88E-04			
33.36	-6.10E-05			
33.37	0.00E+00			
33.38	9.30E-09			
33.39	-1.22E-04			
33.4	-6.72E-04			
33.41	-1.10E-03			
33.42	-1.04E-03			
33.43	-9.16E-04			
33.44	-1.04E-03			
33.45	-9.16E-04			
33.46	-1.83E-04			
33.47	2.44E-04			
33.48	0.00E+00			
33.49	1.22E-04			
33.5	1.71E-03			
33.51	3.79E-03			
33.52	5.31E-03			
33.53	6.72E-03			
33.54	8.79E-03			
33.55	1.11E-02			
33.56	1.28E-02			
33.57	1.43E-02			
33.58	1.58E-02			
33.59	1.56E-02			
33.6	1.33E-02			
33.61	1.10E-02			
33.62	1.04E-02			
33.63	9.34E-03			
33.64	5.62E-03			
33.65	1.65E-03			
33.66	6.72E-04			
33.67	1.82E-04			
33.68	-4.15E-03			
33.69	-9.89E-03			
33.7	-9.89E-03			
33.71	-3.79E-03			
33.72	-6.11E-05			
33.73	-3.91E-03			
33.74	-9.65E-03			
33.75	-9.59E-03			
33.76	-4.76E-03			
33.77	-1.28E-03			
33.78	-6.11E-04			
33.79	4.89E-04			
33.8	3.05E-03			
33.81	4.58E-03			
33.82	4.64E-03			
33.83	5.31E-03			
33.84	6.84E-03			
33.85	6.90E-03			
33.86	5.37E-03			
33.87	4.34E-03			
33.88	4.46E-03			
33.89	3.91E-03			
33.9	1.89E-03			
33.91	2.44E-04			
33.92	-2.44E-04			
33.93	-1.10E-03			
33.94	-2.87E-03			
33.95	-3.79E-03			
33.96	-2.93E-03			
33.97	-1.77E-03			
33.98	-1.65E-03			
33.99	-1.59E-03			
34	-6.72E-04			
34.01	6.11E-05			
34.02	-3.67E-04			
34.03	-1.47E-03			
34.04	-1.77E-03			
34.05	-1.65E-03			
34.06	-2.14E-03			
34.07	-3.11E-03			
34.08	-3.73E-03			
34.09	-3.60E-03			
34.1	-3.18E-03			
34.11	-2.20E-03			
34.12	-7.94E-04			
34.13	5.50E-04			
34.14	1.47E-03			
34.15	2.44E-03			
34.16	4.09E-03			
34.17	5.86E-03			
34.18	6.66E-03			
34.19	6.53E-03			
34.2	6.29E-03			
34.21	6.23E-03			
34.22	5.37E-03			
34.23	3.24E-03			
34.24	4.87E-04			
34.25	-2.08E-03			
34.26	-4.46E-03			
34.27	-6.60E-03			
34.28	-7.82E-03			
34.29	-7.57E-03			
34.3	-6.41E-03			
34.31	-5.86E-03			
34.32	-6.66E-03			
34.33	-8.49E-03			
34.34	-1.08E-02			
34.35	-1.36E-02			
34.36	-1.65E-02			
34.37	-1.83E-02			
34.38	-1.76E-02			
34.39	-1.50E-02			
34.4	-1.20E-02			
34.41	-9.34E-03			
34.42	-7.02E-03			
34.43	-4.95E-03			
34.44	-3.72E-03			
34.45	-3.18E-03			
34.46	-2.44E-03			
34.47	-1.22E-03			
34.48	-2.44E-04			
34.49	5.02E-08			
34.5	4.27E-04			
34.51	1.71E-03			
34.52	3.54E-03			
34.53	5.74E-03			
34.54	8.43E-03			
34.55	1.09E-02			
34.56	1.16E-02			
34.57	9.89E-03			
34.58	7.20E-03			
34.59	5.25E-03			
34.6	3.79E-03			
34.61	1.59E-03			
34.62	-9.16E-04			
34.63	-2.38E-03			
34.64	-2.56E-03			
34.65	-2.75E-03			
34.66	-3.36E-03			
34.67	-3.97E-03			
34.68	-4.21E-03			
34.69	-4.34E-03			
34.7	-4.52E-03			
34.71	-5.07E-03			
34.72	-6.66E-03			
34.73	-9.53E-03			
34.74	-1.22E-02			
34.75	-1.29E-02			
34.76	-1.20E-02			
34.77	-1.11E-02			
34.78	-1.09E-02			
34.79	-1.07E-02			
34.8	-1.00E-02			
34.81	-9.04E-03			
34.82	-8.18E-03			
34.83	-7.57E-03			
34.84	-7.76E-03			
34.85	-9.16E-03			
34.86	-1.11E-02			
34.87	-1.28E-02			
34.88	-1.41E-02			
34.89	-1.57E-02			
34.9	-1.69E-02			
34.91	-1.64E-02			
34.92	-1.47E-02			
34.93	-1.35E-02			
34.94	-1.32E-02			
34.95	-1.26E-02			
34.96	-1.14E-02			
34.97	-1.07E-02			
34.98	-1.09E-02			
34.99	-1.09E-02			
35	-1.00E-02			
35.01	-9.59E-03			
35.02	-9.89E-03			
35.03	-9.28E-03			
35.04	-6.47E-03			
35.05	-2.87E-03			
35.06	-1.21E-04			
35.07	2.20E-03			
35.08	5.44E-03			
35.09	8.92E-03			
35.1	1.12E-02			
35.11	1.29E-02			
35.12	1.54E-02			
35.13	1.86E-02			
35.14	2.01E-02			
35.15	1.92E-02			
35.16	1.73E-02			
35.17	1.56E-02			
35.18	1.43E-02			
35.19	1.25E-02			
35.2	1.04E-02			
35.21	8.43E-03			
35.22	6.53E-03			
35.23	4.15E-03			
35.24	9.15E-04			
35.25	-2.93E-03			
35.26	-6.78E-03			
35.27	-9.47E-03			
35.28	-1.07E-02			
35.29	-1.14E-02			
35.3	-1.24E-02			
35.31	-1.34E-02			
35.32	-1.41E-02			
35.33	-1.50E-02			
35.34	-1.69E-02			
35.35	-1.94E-02			
35.36	-2.19E-02			
35.37	-2.46E-02			
35.38	-2.74E-02			
35.39	-2.89E-02			
35.4	-2.80E-02			
35.41	-2.50E-02			
35.42	-2.20E-02			
35.43	-2.02E-02			
35.44	-1.81E-02			
35.45	-1.51E-02			
35.46	-1.18E-02			
35.47	-8.85E-03			
35.48	-6.23E-03			
35.49	-3.24E-03			
35.5	0.00E+00			
35.51	2.93E-03			
35.52	5.44E-03			
35.53	7.82E-03			
35.54	1.01E-02			
35.55	1.23E-02			
35.56	1.46E-02			
35.57	1.69E-02			
35.58	1.91E-02			
35.59	2.13E-02			
35.6	2.36E-02			
35.61	2.57E-02			
35.62	2.67E-02			
35.63	2.66E-02			
35.64	2.60E-02			
35.65	2.50E-02			
35.66	2.31E-02			
35.67	2.03E-02			
35.68	1.74E-02			
35.69	1.51E-02			
35.7	1.29E-02			
35.71	9.77E-03			
35.72	5.43E-03			
35.73	5.50E-04			
35.74	-4.77E-03			
35.75	-1.03E-02			
35.76	-1.52E-02			
35.77	-1.87E-02			
35.78	-2.14E-02			
35.79	-2.39E-02			
35.8	-2.59E-02			
35.81	-2.64E-02			
35.82	-2.56E-02			
35.83	-2.50E-02			
35.84	-2.50E-02			
35.85	-2.46E-02			
35.86	-2.30E-02			
35.87	-2.06E-02			
35.88	-1.83E-02			
35.89	-1.61E-02			
35.9	-1.38E-02			
35.91	-1.13E-02			
35.92	-8.36E-03			
35.93	-4.94E-03			
35.94	-1.40E-03			
35.95	1.77E-03			
35.96	4.46E-03			
35.97	6.96E-03			
35.98	9.04E-03			
35.99	1.00E-02			
36	9.83E-03			
36.01	9.71E-03			
36.02	1.02E-02			
36.03	1.06E-02			
36.04	1.01E-02			
36.05	9.71E-03			
36.06	1.06E-02			
36.07	1.25E-02			
36.08	1.38E-02			
36.09	1.36E-02			
36.1	1.23E-02			
36.11	1.11E-02			
36.12	1.01E-02			
36.13	9.10E-03			
36.14	7.33E-03			
36.15	4.70E-03			
36.16	1.89E-03			
36.17	-5.50E-04			
36.18	-2.81E-03			
36.19	-5.50E-03			
36.2	-8.43E-03			
36.21	-1.11E-02			
36.22	-1.33E-02			
36.23	-1.61E-02			
36.24	-1.94E-02			
36.25	-2.11E-02			
36.26	-1.97E-02			
36.27	-1.67E-02			
36.28	-1.42E-02			
36.29	-1.25E-02			
36.3	-1.01E-02			
36.31	-6.90E-03			
36.32	-4.46E-03			
36.33	-3.97E-03			
36.34	-4.46E-03			
36.35	-4.46E-03			
36.36	-4.03E-03			
36.37	-4.09E-03			
36.38	-4.52E-03			
36.39	-4.89E-03			
36.4	-4.95E-03			
36.41	-4.70E-03			
36.42	-3.91E-03			
36.43	-2.81E-03			
36.44	-2.14E-03			
36.45	-2.14E-03			
36.46	-2.20E-03			
36.47	-1.89E-03			
36.48	-1.59E-03			
36.49	-1.65E-03			
36.5	-1.59E-03			
36.51	-1.28E-03			
36.52	-1.22E-03			
36.53	-1.53E-03			
36.54	-1.16E-03			
36.55	4.27E-04			
36.56	2.81E-03			
36.57	4.89E-03			
36.58	6.90E-03			
36.59	9.53E-03			
36.6	1.17E-02			
36.61	1.18E-02			
36.62	9.77E-03			
36.63	7.39E-03			
36.64	5.68E-03			
36.65	3.97E-03			
36.66	1.71E-03			
36.67	-7.34E-04			
36.68	-3.12E-03			
36.69	-5.56E-03			
36.7	-7.94E-03			
36.71	-9.28E-03			
36.72	-9.34E-03			
36.73	-9.10E-03			
36.74	-9.34E-03			
36.75	-9.77E-03			
36.76	-9.65E-03			
36.77	-9.34E-03			
36.78	-9.34E-03			
36.79	-9.40E-03			
36.8	-8.73E-03			
36.81	-7.14E-03			
36.82	-5.25E-03			
36.83	-3.66E-03			
36.84	-2.20E-03			
36.85	-4.88E-04			
36.86	1.41E-03			
36.87	3.05E-03			
36.88	3.85E-03			
36.89	3.79E-03			
36.9	3.42E-03			
36.91	3.36E-03			
36.92	3.42E-03			
36.93	3.24E-03			
36.94	2.93E-03			
36.95	3.18E-03			
36.96	4.03E-03			
36.97	4.95E-03			
36.98	5.50E-03			
36.99	5.92E-03			
37	6.78E-03			
37.01	7.88E-03			
37.02	8.67E-03			
37.03	8.98E-03			
37.04	8.85E-03			
37.05	8.37E-03			
37.06	7.82E-03			
37.07	7.39E-03			
37.08	7.08E-03			
37.09	6.59E-03			
37.1	6.17E-03			
37.11	6.53E-03			
37.12	7.63E-03			
37.13	8.55E-03			
37.14	8.85E-03			
37.15	9.22E-03			
37.16	1.04E-02			
37.17	1.14E-02			
37.18	1.13E-02			
37.19	1.01E-02			
37.2	9.16E-03			
37.21	8.55E-03			
37.22	7.63E-03			
37.23	6.29E-03			
37.24	5.37E-03			
37.25	5.56E-03			
37.26	6.29E-03			
37.27	7.14E-03			
37.28	8.00E-03			
37.29	8.98E-03			
37.3	9.89E-03			
37.31	1.07E-02			
37.32	1.20E-02			
37.33	1.34E-02			
37.34	1.37E-02			
37.35	1.26E-02			
37.36	1.07E-02			
37.37	9.10E-03			
37.38	7.82E-03			
37.39	6.29E-03			
37.4	4.46E-03			
37.41	2.75E-03			
37.42	1.22E-03			
37.43	-4.89E-04			
37.44	-2.14E-03			
37.45	-3.30E-03			
37.46	-4.21E-03			
37.47	-5.50E-03			
37.48	-6.90E-03			
37.49	-8.00E-03			
37.5	-8.85E-03			
37.51	-1.02E-02			
37.52	-1.22E-02			
37.53	-1.44E-02			
37.54	-1.62E-02			
37.55	-1.81E-02			
37.56	-2.02E-02			
37.57	-2.22E-02			
37.58	-2.37E-02			
37.59	-2.50E-02			
37.6	-2.63E-02			
37.61	-2.72E-02			
37.62	-2.75E-02			
37.63	-2.77E-02			
37.64	-2.83E-02			
37.65	-2.91E-02			
37.66	-2.93E-02			
37.67	-2.88E-02			
37.68	-2.83E-02			
37.69	-2.80E-02			
37.7	-2.75E-02			
37.71	-2.69E-02			
37.72	-2.63E-02			
37.73	-2.60E-02			
37.74	-2.55E-02			
37.75	-2.44E-02			
37.76	-2.23E-02			
37.77	-2.00E-02			
37.78	-1.76E-02			
37.79	-1.53E-02			
37.8	-1.31E-02			
37.81	-1.16E-02			
37.82	-1.11E-02			
37.83	-1.10E-02			
37.84	-1.07E-02			
37.85	-1.01E-02			
37.86	-9.65E-03			
37.87	-9.59E-03			
37.88	-9.28E-03			
37.89	-8.37E-03			
37.9	-7.27E-03			
37.91	-6.60E-03			
37.92	-5.98E-03			
37.93	-5.07E-03			
37.94	-4.03E-03			
37.95	-3.30E-03			
37.96	-2.32E-03			
37.97	-4.27E-04			
37.98	1.83E-03			
37.99	3.30E-03			
38	3.54E-03			
38.01	3.60E-03			
38.02	4.27E-03			
38.03	4.89E-03			
38.04	4.82E-03			
38.05	4.46E-03			
38.06	4.40E-03			
38.07	4.52E-03			
38.08	4.34E-03			
38.09	3.97E-03			
38.1	3.85E-03			
38.11	3.91E-03			
38.12	3.60E-03			
38.13	3.24E-03			
38.14	3.24E-03			
38.15	3.91E-03			
38.16	4.76E-03			
38.17	5.56E-03			
38.18	6.41E-03			
38.19	7.45E-03			
38.2	8.61E-03			
38.21	9.83E-03			
38.22	1.12E-02			
38.23	1.25E-02			
38.24	1.36E-02			
